"","X1","Region","Fecha","Total","Total.1","Casos_Nuevos","Casos_Acumulados","Casos_Nuevos_Semana","random_numbers"
"1",1,"Antofagasta",2020-03-27,1,21,1,21,15,4.63509762349018
"2",2,"Antofagasta",2020-03-28,4,25,4,25,15,8.77202149130359
"3",3,"Antofagasta",2020-03-29,2,27,2,27,16,5.81503910881316
"4",4,"Antofagasta",2020-03-30,8,35,8,35,24,5.09442175738999
"5",5,"Antofagasta",2020-03-31,0,35,0,35,22,6.02655292296587
"6",6,"Antofagasta",2020-04-01,4,39,4,39,20,3.76430710923206
"7",7,"Antofagasta",2020-04-02,8,47,8,47,27,8.06617737350663
"8",8,"Antofagasta",2020-04-03,7,54,7,54,33,5.16164242931045
"9",9,"Antofagasta",2020-04-04,1,55,1,55,30,2.1994274195539
"10",10,"Antofagasta",2020-04-05,5,60,5,60,33,5.14372261864399
"11",11,"Antofagasta",2020-04-06,8,68,8,68,33,3.13449510320761
"12",12,"Antofagasta",2020-04-07,1,69,1,69,34,2.51671152851699
"13",13,"Antofagasta",2020-04-08,8,77,8,77,38,8.50830826160824
"14",14,"Antofagasta",2020-04-09,15,92,15,92,45,3.62642987923334
"15",15,"Antofagasta",2020-04-10,18,110,18,110,56,5.27535829159725
"16",16,"Antofagasta",2020-04-11,7,117,7,117,62,6.71041659628195
"17",17,"Antofagasta",2020-04-12,21,138,21,138,78,3.90540324026764
"18",18,"Antofagasta",2020-04-13,11,149,11,149,81,6.15856342914957
"19",19,"Antofagasta",2020-04-14,6,155,6,155,86,3.70723556082032
"20",20,"Antofagasta",2020-04-15,21,176,21,176,99,3.44643145033569
"21",21,"Antofagasta",2020-04-16,16,192,16,192,100,7.71333900290319
"22",22,"Antofagasta",2020-04-17,19,211,19,211,101,5.93624443790036
"23",23,"Antofagasta",2020-04-18,15,226,15,226,109,5.35343967414184
"24",24,"Antofagasta",2020-04-19,23,249,23,249,111,7.39208426087073
"25",25,"Antofagasta",2020-04-20,14,263,14,263,114,2.7532858867469
"26",26,"Antofagasta",2020-04-21,28,291,28,291,136,7.25562140590981
"27",27,"Antofagasta",2020-04-22,35,326,35,326,150,5.87887308587193
"28",28,"Antofagasta",2020-04-23,14,340,14,340,148,7.35175240038739
"29",29,"Antofagasta",2020-04-24,26,366,26,366,155,6.23541411625047
"30",30,"Antofagasta",2020-04-25,25,391,25,391,165,7.22415085993095
"31",31,"Antofagasta",2020-04-26,52,443,52,443,194,6.75075682151093
"32",32,"Antofagasta",2020-04-27,14,457,14,457,194,3.51635651188909
"33",33,"Antofagasta",2020-04-28,24,481,24,481,190,5.80643163199147
"34",34,"Antofagasta",2020-04-29,33,514,33,514,188,3.07692280763002
"35",35,"Antofagasta",2020-04-30,32,546,32,546,206,6.73413044703071
"36",36,"Antofagasta",2020-05-01,43,589,43,589,223,8.051605452645
"37",37,"Antofagasta",2020-05-02,90,679,90,679,288,6.52284601766734
"38",38,"Antofagasta",2020-05-03,61,740,61,740,297,4.9978939441607
"39",39,"Antofagasta",2020-05-04,20,760,20,760,303,2.25438960369551
"40",40,"Antofagasta",2020-05-05,51,811,51,811,330,5.8374470429279
"41",41,"Antofagasta",2020-05-06,44,855,44,855,341,5.64920408206936
"42",42,"Antofagasta",2020-05-07,40,895,40,895,349,8.52114511252777
"43",43,"Antofagasta",2020-05-08,28,923,28,923,334,4.25683758223714
"44",44,"Antofagasta",2020-05-09,24,947,24,947,268,6.9756119177344
"45",45,"Antofagasta",2020-05-10,31,978,31,978,238,3.48994456942561
"46",46,"Antofagasta",2020-05-11,36,1014,36,1014,254,5.35451146038006
"47",47,"Antofagasta",2020-05-12,95,1109,95,1109,298,3.90815266045935
"48",48,"Antofagasta",2020-05-13,107,1216,107,1216,361,6.4996731325264
"49",49,"Antofagasta",2020-05-14,61,1277,61,1277,382,2.95848879914964
"50",50,"Antofagasta",2020-05-15,54,1331,54,1331,408,6.86067365659736
"51",51,"Antofagasta",2020-05-16,98,1429,98,1429,482,0.847727466675578
"52",52,"Antofagasta",2020-05-17,76,1505,76,1505,527,5.24694327546402
"53",53,"Antofagasta",2020-05-18,84,1589,84,1589,575,6.45886134574255
"54",54,"Antofagasta",2020-05-19,59,1648,59,1648,539,6.99150940261769
"55",55,"Antofagasta",2020-05-20,83,1731,83,1731,515,4.61486577110127
"56",56,"Antofagasta",2020-05-21,47,1778,47,1778,501,5.95017077383742
"57",57,"Antofagasta",2020-05-22,63,1841,63,1841,510,-0.973697662985703
"58",58,"Antofagasta",2020-05-23,56,1897,56,1897,468,2.60499008860068
"59",59,"Antofagasta",2020-05-24,50,1947,50,1947,442,8.38935239258282
"60",60,"Antofagasta",2020-05-25,68,2015,68,2015,426,8.00142301099214
"61",61,"Antofagasta",2020-05-26,48,2063,48,2063,415,7.4770033803301
"62",62,"Antofagasta",2020-05-27,74,2137,74,2137,406,5.09337915326671
"63",63,"Antofagasta",2020-05-28,111,2248,111,2248,470,5.33278262757058
"64",64,"Antofagasta",2020-05-29,70,2318,70,2318,477,4.8056982674433
"65",65,"Antofagasta",2020-05-30,111,2429,111,2429,532,3.66250248097183
"66",66,"Antofagasta",2020-05-31,81,2510,81,2510,563,5.22981161440423
"67",67,"Antofagasta",2020-06-01,75,2585,75,2585,570,4.34533375837685
"68",68,"Antofagasta",2020-06-02,64,2649,64,2649,586,5.61804181442818
"69",69,"Araucanía",2020-03-27,32,143,32,143,134,10.2944627117619
"70",70,"Araucanía",2020-03-28,34,177,34,177,162,6.53095553668113
"71",71,"Araucanía",2020-03-29,28,205,28,205,178,4.24376823970666
"72",72,"Araucanía",2020-03-30,42,247,42,247,207,4.78091857089469
"73",73,"Araucanía",2020-03-31,55,302,55,302,243,4.65526150119975
"74",74,"Araucanía",2020-04-01,41,343,41,343,269,5.82733806556016
"75",75,"Araucanía",2020-04-02,46,389,46,389,278,5.84666275625171
"76",76,"Araucanía",2020-04-03,43,432,43,432,289,6.22232721151017
"77",77,"Araucanía",2020-04-04,45,477,45,477,300,2.74578902198566
"78",78,"Araucanía",2020-04-05,32,509,32,509,304,4.57686387448223
"79",79,"Araucanía",2020-04-06,53,562,53,562,315,8.0360693152112
"80",80,"Araucanía",2020-04-07,50,612,50,612,310,6.07576187134119
"81",81,"Araucanía",2020-04-08,57,669,57,669,326,6.95508925353357
"82",82,"Araucanía",2020-04-09,20,689,20,689,300,8.63799918906203
"83",83,"Araucanía",2020-04-10,23,712,23,712,280,6.74638751043025
"84",84,"Araucanía",2020-04-11,27,739,27,739,262,4.98940556093495
"85",85,"Araucanía",2020-04-12,36,775,36,775,266,4.15838276415897
"86",86,"Araucanía",2020-04-13,20,795,20,795,233,5.79193432243249
"87",87,"Araucanía",2020-04-14,21,816,21,816,204,5.06987442536424
"88",88,"Araucanía",2020-04-15,10,826,10,826,157,3.35198875565918
"89",89,"Araucanía",2020-04-16,56,882,56,882,193,5.49424252441538
"90",90,"Araucanía",2020-04-17,25,907,25,907,195,3.55070738649129
"91",91,"Araucanía",2020-04-18,37,944,37,944,205,3.79142481543067
"92",92,"Araucanía",2020-04-19,28,972,28,972,197,3.01452736897727
"93",93,"Araucanía",2020-04-20,73,1045,73,1045,250,6.80171147622253
"94",94,"Araucanía",2020-04-21,47,1092,47,1092,276,5.01636782450023
"95",95,"Araucanía",2020-04-22,21,1113,21,1113,287,5.96428713473038
"96",96,"Araucanía",2020-04-23,29,1142,29,1142,260,2.88223173365582
"97",97,"Araucanía",2020-04-24,42,1184,42,1184,277,4.01826781183246
"98",98,"Araucanía",2020-04-25,19,1203,19,1203,259,5.79555351997956
"99",99,"Araucanía",2020-04-26,13,1216,13,1216,244,3.12489106777312
"100",100,"Araucanía",2020-04-27,20,1236,20,1236,191,3.67650383493108
"101",101,"Araucanía",2020-04-28,15,1251,15,1251,159,7.70205931880045
"102",102,"Araucanía",2020-04-29,22,1273,22,1273,160,5.21097810414881
"103",103,"Araucanía",2020-04-30,20,1293,20,1293,151,5.66742962185722
"104",104,"Araucanía",2020-05-01,2,1295,2,1295,111,3.87010052460731
"105",105,"Araucanía",2020-05-02,19,1314,19,1314,111,5.49676376613415
"106",106,"Araucanía",2020-05-03,14,1328,14,1328,112,5.58448298178885
"107",107,"Araucanía",2020-05-04,3,1331,3,1331,95,8.67455645760929
"108",108,"Araucanía",2020-05-05,21,1352,21,1352,101,5.93032294081336
"109",109,"Araucanía",2020-05-06,10,1362,10,1362,89,4.58357364331131
"110",110,"Araucanía",2020-05-07,23,1385,23,1385,92,2.80895755282758
"111",111,"Araucanía",2020-05-08,18,1403,18,1403,108,5.6069364828715
"112",112,"Araucanía",2020-05-09,15,1418,15,1418,104,4.49164908942947
"113",113,"Araucanía",2020-05-10,36,1454,36,1454,126,6.66766718427049
"114",114,"Araucanía",2020-05-11,12,1466,12,1466,135,5.75517562116632
"115",115,"Araucanía",2020-05-12,16,1482,16,1482,130,5.82324508387245
"116",116,"Araucanía",2020-05-13,13,1495,13,1495,133,3.33558959714321
"117",117,"Araucanía",2020-05-14,41,1536,41,1536,151,1.65484957154311
"118",118,"Araucanía",2020-05-15,28,1564,28,1564,161,5.80198655672213
"119",119,"Araucanía",2020-05-16,23,1587,23,1587,169,9.11555751744445
"120",120,"Araucanía",2020-05-17,19,1606,19,1606,152,8.3438794373835
"121",121,"Araucanía",2020-05-18,33,1639,33,1639,173,5.8055242764477
"122",122,"Araucanía",2020-05-19,27,1666,27,1666,184,5.06201462581934
"123",123,"Araucanía",2020-05-20,14,1680,14,1680,185,5.47644672945584
"124",124,"Araucanía",2020-05-21,35,1715,35,1715,179,8.21871760808413
"125",125,"Araucanía",2020-05-22,22,1737,22,1737,173,3.75758830785487
"126",126,"Araucanía",2020-05-23,37,1774,37,1774,187,5.24316814299797
"127",127,"Araucanía",2020-05-24,34,1808,34,1808,202,2.45313281950865
"128",128,"Araucanía",2020-05-25,49,1857,49,1857,218,7.85684556102863
"129",129,"Araucanía",2020-05-26,26,1883,26,1883,217,9.03952360500229
"130",130,"Araucanía",2020-05-27,33,1916,33,1916,236,5.48548724188396
"131",131,"Araucanía",2020-05-28,38,1954,38,1954,239,3.68610206808105
"132",132,"Araucanía",2020-05-29,35,1989,35,1989,252,5.62845556774847
"133",133,"Araucanía",2020-05-30,71,2060,71,2060,286,10.9042047109062
"134",134,"Araucanía",2020-05-31,11,2071,11,2071,263,6.97797539293282
"135",135,"Araucanía",2020-06-01,40,2111,40,2111,254,6.11031230470736
"136",136,"Araucanía",2020-06-02,30,2141,30,2141,258,5.21730593122576
"137",137,"Arica y Parinacota",2020-04-09,12,75,12,75,68,6.86949760862909
"138",138,"Arica y Parinacota",2020-04-10,12,87,12,87,75,9.16719757023543
"139",139,"Arica y Parinacota",2020-04-11,20,107,20,107,95,7.21475061970941
"140",140,"Arica y Parinacota",2020-04-12,8,115,8,115,87,5.54903577708017
"141",141,"Arica y Parinacota",2020-04-13,0,115,0,115,74,2.80476719677294
"142",142,"Arica y Parinacota",2020-04-14,5,120,5,120,67,5.23511826483749
"143",143,"Arica y Parinacota",2020-04-15,4,124,4,124,61,5.03703565810871
"144",144,"Arica y Parinacota",2020-04-16,5,129,5,129,54,5.71770217141977
"145",145,"Arica y Parinacota",2020-04-17,5,134,5,134,47,3.56789989011986
"146",146,"Arica y Parinacota",2020-04-18,8,142,8,142,35,5.49119099572435
"147",147,"Arica y Parinacota",2020-04-19,3,145,3,145,30,1.19905837895212
"148",148,"Arica y Parinacota",2020-04-20,16,161,16,161,46,6.83515033530532
"149",149,"Arica y Parinacota",2020-04-21,9,170,9,170,50,5.26926330136262
"150",150,"Arica y Parinacota",2020-04-22,10,180,10,180,56,0.513069215469645
"151",151,"Arica y Parinacota",2020-04-23,30,210,30,210,81,0.45368701612495
"152",152,"Arica y Parinacota",2020-04-24,29,239,29,239,105,6.00836707851433
"153",153,"Arica y Parinacota",2020-04-25,6,245,6,245,103,5.47827109153896
"154",154,"Arica y Parinacota",2020-04-26,7,252,7,252,107,3.24209550071315
"155",155,"Arica y Parinacota",2020-04-27,13,265,13,265,104,10.426437686559
"156",156,"Arica y Parinacota",2020-04-28,3,268,3,268,98,3.80729046974019
"157",157,"Arica y Parinacota",2020-04-29,4,272,4,272,92,7.39029173440841
"158",158,"Arica y Parinacota",2020-04-30,7,279,7,279,69,4.10616920078521
"159",159,"Arica y Parinacota",2020-05-01,18,297,18,297,58,7.12925569230787
"160",160,"Arica y Parinacota",2020-05-02,10,307,10,307,62,7.22251873190349
"161",161,"Arica y Parinacota",2020-05-03,1,308,1,308,56,4.84453462724587
"162",162,"Arica y Parinacota",2020-05-04,0,308,0,308,43,4.93436340855335
"163",163,"Arica y Parinacota",2020-05-05,7,315,7,315,47,3.49242389881566
"164",164,"Arica y Parinacota",2020-05-06,3,318,3,318,46,3.94844686013462
"165",165,"Arica y Parinacota",2020-05-07,7,325,7,325,46,5.2251561078656
"166",166,"Arica y Parinacota",2020-05-08,2,327,2,327,30,3.88026972204079
"167",167,"Arica y Parinacota",2020-05-09,10,337,10,337,30,3.13904507126682
"168",168,"Arica y Parinacota",2020-05-10,3,340,3,340,32,6.44221162853764
"169",169,"Arica y Parinacota",2020-05-11,11,351,11,351,43,7.95378118147952
"170",170,"Arica y Parinacota",2020-05-12,0,351,0,351,36,4.98971259301017
"171",171,"Arica y Parinacota",2020-05-13,8,359,8,359,41,3.00863518616174
"172",172,"Arica y Parinacota",2020-05-14,4,363,4,363,38,3.68870846923553
"173",173,"Arica y Parinacota",2020-05-15,5,368,5,368,41,5.43202385654708
"174",174,"Arica y Parinacota",2020-05-16,9,377,9,377,40,3.17008425837312
"175",175,"Arica y Parinacota",2020-05-17,1,378,1,378,38,0.965811228301564
"176",176,"Arica y Parinacota",2020-05-18,20,398,20,398,47,4.865644017693
"177",177,"Arica y Parinacota",2020-05-19,24,422,24,422,71,5.32824937025638
"178",178,"Arica y Parinacota",2020-05-20,2,424,2,424,65,6.13142743217697
"179",179,"Arica y Parinacota",2020-05-21,29,453,29,453,90,6.80990152617417
"180",180,"Arica y Parinacota",2020-05-22,18,471,18,471,103,5.79781996411939
"181",181,"Arica y Parinacota",2020-05-23,11,482,11,482,105,3.35952843341355
"182",182,"Arica y Parinacota",2020-05-24,16,498,16,498,120,6.84502107350571
"183",183,"Arica y Parinacota",2020-05-25,15,513,15,513,115,3.39246562159953
"184",184,"Arica y Parinacota",2020-05-26,9,522,9,522,100,2.02017349212931
"185",185,"Arica y Parinacota",2020-05-27,19,541,19,541,117,0.454125117370245
"186",186,"Arica y Parinacota",2020-05-28,21,562,21,562,109,6.55713101760178
"187",187,"Arica y Parinacota",2020-05-29,20,582,20,582,111,5.55390517294615
"188",188,"Arica y Parinacota",2020-05-30,6,588,6,588,106,0.943742220066386
"189",189,"Arica y Parinacota",2020-05-31,31,619,31,619,121,8.70744579675975
"190",190,"Arica y Parinacota",2020-06-01,17,636,17,636,123,5.02514018367821
"191",191,"Arica y Parinacota",2020-06-02,18,654,18,654,132,7.6004671785895
"192",192,"Atacama",2020-04-15,0,13,0,13,5,3.75001915079048
"193",193,"Atacama",2020-04-16,0,13,0,13,3,9.5136933262701
"194",194,"Atacama",2020-04-17,0,13,0,13,0,1.83810721388025
"195",195,"Atacama",2020-04-18,0,13,0,13,0,0.303356090561628
"196",196,"Atacama",2020-04-19,0,13,0,13,0,8.30718796306945
"197",197,"Atacama",2020-04-20,0,13,0,13,0,5.75105875998208
"198",198,"Atacama",2020-04-21,0,13,0,13,0,6.04251535539766
"199",199,"Atacama",2020-04-22,0,13,0,13,0,8.44792951801652
"200",200,"Atacama",2020-04-23,5,18,5,18,5,4.01413633000516
"201",201,"Atacama",2020-04-24,3,21,3,21,8,2.82361735657668
"202",202,"Atacama",2020-04-25,3,24,3,24,11,7.74477786712828
"203",203,"Atacama",2020-04-26,5,29,5,29,16,5.49823784355733
"204",204,"Atacama",2020-04-27,6,35,6,35,22,7.03272530519626
"205",205,"Atacama",2020-04-28,0,35,0,35,22,1.23764121034697
"206",206,"Atacama",2020-04-29,7,42,7,42,29,7.60749430535244
"207",207,"Atacama",2020-04-30,1,43,1,43,25,6.18379018934319
"208",208,"Atacama",2020-05-01,0,43,0,43,22,7.82290782959939
"209",209,"Atacama",2020-05-02,16,59,16,59,35,4.58528071147812
"210",210,"Atacama",2020-05-03,8,67,8,67,38,4.98990609732492
"211",211,"Atacama",2020-05-04,3,70,3,70,35,0.710156561215629
"212",212,"Atacama",2020-05-05,8,78,8,78,43,3.27157882454151
"213",213,"Atacama",2020-05-06,2,80,2,80,38,4.9862206817738
"214",214,"Atacama",2020-05-07,7,87,7,87,44,6.38772192095087
"215",215,"Atacama",2020-05-08,1,88,1,88,45,3.67438644845818
"216",216,"Atacama",2020-05-09,29,117,29,117,58,1.1520505993515
"217",217,"Atacama",2020-05-10,7,124,7,124,57,4.55452193046339
"218",218,"Atacama",2020-05-11,9,133,9,133,63,1.52643269696007
"219",219,"Atacama",2020-05-12,1,134,1,134,56,5.61850517167366
"220",220,"Atacama",2020-05-13,5,139,5,139,59,7.08513543584434
"221",221,"Atacama",2020-05-14,1,140,1,140,53,2.8910213884241
"222",222,"Atacama",2020-05-15,3,143,3,143,55,3.55117912203187
"223",223,"Atacama",2020-05-16,3,146,3,146,29,6.44472621045867
"224",224,"Atacama",2020-05-17,3,149,3,149,25,5.54435835792196
"225",225,"Atacama",2020-05-18,8,157,8,157,24,5.46926758885368
"226",226,"Atacama",2020-05-19,1,158,1,158,24,4.62437618678357
"227",227,"Atacama",2020-05-20,5,163,5,163,24,4.01739598243005
"228",228,"Atacama",2020-05-21,5,168,5,168,28,6.13903593083463
"229",229,"Atacama",2020-05-22,7,175,7,175,32,5.44282464484402
"230",230,"Atacama",2020-05-23,7,182,7,182,36,2.9520950005547
"231",231,"Atacama",2020-05-24,0,182,0,182,33,4.2423899563518
"232",232,"Atacama",2020-05-25,3,185,3,185,28,6.79042115342966
"233",233,"Atacama",2020-05-26,3,188,3,188,30,3.47274898571449
"234",234,"Atacama",2020-05-27,9,197,9,197,34,1.77586755014024
"235",235,"Atacama",2020-05-28,5,202,5,202,34,6.22839849863189
"236",236,"Atacama",2020-05-29,5,207,5,207,32,2.96560334377468
"237",237,"Atacama",2020-05-30,8,215,8,215,33,6.8066587471244
"238",238,"Atacama",2020-05-31,3,218,3,218,36,8.79651326331664
"239",239,"Atacama",2020-06-01,14,232,14,232,47,5.57717011182763
"240",240,"Atacama",2020-06-02,4,236,4,236,48,3.03935458909865
"241",241,"Aysén",2020-05-31,1,17,1,17,9,3.87686735191137
"242",242,"Aysén",2020-06-01,0,17,0,17,7,5.77247725768669
"243",243,"Aysén",2020-06-02,1,18,1,18,6,2.36008922751607
"244",244,"Biobío",2020-03-25,22,95,22,95,88,7.81765763249491
"245",245,"Biobío",2020-03-26,14,109,14,109,95,6.95042455988246
"246",246,"Biobío",2020-03-27,26,135,26,135,116,3.86907100985514
"247",247,"Biobío",2020-03-28,16,151,16,151,121,2.86098840419973
"248",248,"Biobío",2020-03-29,34,185,34,185,150,7.62680599855153
"249",249,"Biobío",2020-03-30,16,201,16,201,155,2.06652543118966
"250",250,"Biobío",2020-03-31,15,216,15,216,143,6.53441748846619
"251",251,"Biobío",2020-04-01,24,240,24,240,145,5.2147547220847
"252",252,"Biobío",2020-04-02,35,275,35,275,166,7.18938993748694
"253",253,"Biobío",2020-04-03,27,302,27,302,167,4.75097488226866
"254",254,"Biobío",2020-04-04,45,347,45,347,196,4.75274075565882
"255",255,"Biobío",2020-04-05,18,365,18,365,180,8.91587201065508
"256",256,"Biobío",2020-04-06,18,383,18,383,182,1.33969952155821
"257",257,"Biobío",2020-04-07,27,410,27,410,194,5.35107259095544
"258",258,"Biobío",2020-04-08,29,439,29,439,199,4.47338913436752
"259",259,"Biobío",2020-04-09,21,460,21,460,185,5.54770904705436
"260",260,"Biobío",2020-04-10,14,474,14,474,172,2.35192544066035
"261",261,"Biobío",2020-04-11,16,490,16,490,143,5.34686987999611
"262",262,"Biobío",2020-04-12,10,500,10,500,135,5.82520960135445
"263",263,"Biobío",2020-04-13,12,512,12,512,129,9.34270465538504
"264",264,"Biobío",2020-04-14,16,528,16,528,118,5.27403979857439
"265",265,"Biobío",2020-04-15,14,542,14,542,103,3.26655999530045
"266",266,"Biobío",2020-04-16,17,559,17,559,99,6.65766911833055
"267",267,"Biobío",2020-04-17,19,578,19,578,104,5.0883576450181
"268",268,"Biobío",2020-04-18,28,606,28,606,116,3.87379291673659
"269",269,"Biobío",2020-04-19,10,616,10,616,116,3.74640250806506
"270",270,"Biobío",2020-04-20,10,626,10,626,114,5.47318328030628
"271",271,"Biobío",2020-04-21,10,636,10,636,108,5.51242063052929
"272",272,"Biobío",2020-04-22,22,658,22,658,116,8.59564851512251
"273",273,"Biobío",2020-04-23,17,675,17,675,116,-1.03509601263391
"274",274,"Biobío",2020-04-24,8,683,8,683,105,4.23320138443666
"275",275,"Biobío",2020-04-25,13,696,13,696,90,3.36923685879326
"276",276,"Biobío",2020-04-26,7,703,7,703,87,4.30618952179316
"277",277,"Biobío",2020-04-27,3,706,3,706,80,5.74364860002615
"278",278,"Biobío",2020-04-28,3,709,3,709,73,3.88229484239013
"279",279,"Biobío",2020-04-29,10,719,10,719,61,3.4727974764504
"280",280,"Biobío",2020-04-30,8,727,8,727,52,3.36135308001497
"281",281,"Biobío",2020-05-01,2,729,2,729,46,3.06734798814981
"282",282,"Biobío",2020-05-02,22,751,22,751,55,2.73204770613679
"283",283,"Biobío",2020-05-03,8,759,8,759,56,8.09669052485209
"284",284,"Biobío",2020-05-04,3,762,3,762,56,7.26854121921496
"285",285,"Biobío",2020-05-05,12,774,12,774,65,5.43480458342969
"286",286,"Biobío",2020-05-06,15,789,15,789,70,4.87377191663208
"287",287,"Biobío",2020-05-07,25,814,25,814,87,4.34633107176656
"288",288,"Biobío",2020-05-08,28,842,28,842,113,2.42339863110531
"289",289,"Biobío",2020-05-09,40,882,40,882,131,5.62950771200492
"290",290,"Biobío",2020-05-10,17,899,17,899,140,5.74332011557862
"291",291,"Biobío",2020-05-11,33,932,33,932,170,5.95592660425501
"292",292,"Biobío",2020-05-12,10,942,10,942,168,4.31491541668617
"293",293,"Biobío",2020-05-13,33,975,33,975,186,5.22188605599745
"294",294,"Biobío",2020-05-14,20,995,20,995,181,5.13092712132434
"295",295,"Biobío",2020-05-15,41,1036,41,1036,194,5.09252612458056
"296",296,"Biobío",2020-05-16,38,1074,38,1074,192,2.00508183233569
"297",297,"Biobío",2020-05-17,25,1099,25,1099,200,4.93356285794137
"298",298,"Biobío",2020-05-18,45,1144,45,1144,212,5.67721299620189
"299",299,"Biobío",2020-05-19,28,1172,28,1172,230,6.8963356323094
"300",300,"Biobío",2020-05-20,52,1224,52,1224,249,3.22697001126264
"301",301,"Biobío",2020-05-21,39,1263,39,1263,268,4.51596038890414
"302",302,"Biobío",2020-05-22,48,1311,48,1311,275,5.4959632896636
"303",303,"Biobío",2020-05-23,43,1354,43,1354,280,4.87909734898476
"304",304,"Biobío",2020-05-24,60,1414,60,1414,315,3.92461679905726
"305",305,"Biobío",2020-05-25,44,1458,44,1458,314,9.22130163453085
"306",306,"Biobío",2020-05-26,44,1502,44,1502,330,5.3267819537093
"307",307,"Biobío",2020-05-27,63,1565,63,1565,341,8.92818230779969
"308",308,"Biobío",2020-05-28,112,1677,112,1677,414,4.79012532202369
"309",309,"Biobío",2020-05-29,101,1778,101,1778,467,5.11899314603734
"310",310,"Biobío",2020-05-30,110,1888,110,1888,534,4.68578379253968
"311",311,"Biobío",2020-05-31,91,1979,91,1979,565,4.45151396009151
"312",312,"Biobío",2020-06-01,91,2070,91,2070,612,3.32994822856704
"313",313,"Biobío",2020-06-02,12,2082,12,2082,580,3.09320632050661
"314",314,"Coquimbo",2020-03-30,9,27,9,27,21,3.88632108291515
"315",315,"Coquimbo",2020-03-31,1,28,1,28,17,0.930492702328832
"316",316,"Coquimbo",2020-04-01,2,30,2,30,18,5.06258331638131
"317",317,"Coquimbo",2020-04-02,4,34,4,34,21,5.84064774673091
"318",318,"Coquimbo",2020-04-03,1,35,1,35,21,2.9143184053881
"319",319,"Coquimbo",2020-04-04,9,44,9,44,29,3.34551394464996
"320",320,"Coquimbo",2020-04-05,6,50,6,50,32,4.31036657600464
"321",321,"Coquimbo",2020-04-06,1,51,1,51,24,3.12765066984973
"322",322,"Coquimbo",2020-04-07,1,52,1,52,24,8.34203768719053
"323",323,"Coquimbo",2020-04-08,4,56,4,56,26,4.43286196396843
"324",324,"Coquimbo",2020-04-09,5,61,5,61,27,7.65425826438715
"325",325,"Coquimbo",2020-04-10,0,61,0,61,26,0.935036461548384
"326",326,"Coquimbo",2020-04-11,3,64,3,64,20,6.8825365632548
"327",327,"Coquimbo",2020-04-12,2,66,2,66,16,7.84005625474084
"328",328,"Coquimbo",2020-04-13,0,66,0,66,15,7.81310006111622
"329",329,"Coquimbo",2020-04-14,0,66,0,66,14,4.49686740706843
"330",330,"Coquimbo",2020-04-15,0,66,0,66,10,2.56437491578368
"331",331,"Coquimbo",2020-04-16,2,68,2,68,7,3.75946554571876
"332",332,"Coquimbo",2020-04-17,0,68,0,68,7,5.07949299419077
"333",333,"Coquimbo",2020-04-18,0,68,0,68,4,4.59755683102874
"334",334,"Coquimbo",2020-04-19,0,68,0,68,2,2.07466622516578
"335",335,"Coquimbo",2020-04-20,1,69,1,69,3,2.90666483858436
"336",336,"Coquimbo",2020-04-21,0,69,0,69,3,7.40084193222655
"337",337,"Coquimbo",2020-04-22,1,70,1,70,4,4.92548329442999
"338",338,"Coquimbo",2020-04-23,0,70,0,70,2,5.73603192277136
"339",339,"Coquimbo",2020-04-24,2,72,2,72,4,5.80534139054978
"340",340,"Coquimbo",2020-04-25,1,73,1,73,5,4.67001087935002
"341",341,"Coquimbo",2020-04-26,0,73,0,73,5,5.17989057538
"342",342,"Coquimbo",2020-04-27,1,74,1,74,5,6.00073881542631
"343",343,"Coquimbo",2020-04-28,0,74,0,74,5,2.90818232084943
"344",344,"Coquimbo",2020-04-29,2,76,2,76,6,4.71575673002351
"345",345,"Coquimbo",2020-04-30,0,76,0,76,6,6.84205128770804
"346",346,"Coquimbo",2020-05-01,1,77,1,77,5,6.80048879320714
"347",347,"Coquimbo",2020-05-02,1,78,1,78,5,0.938723731817913
"348",348,"Coquimbo",2020-05-03,10,88,10,88,15,1.1177410345516
"349",349,"Coquimbo",2020-05-04,3,91,3,91,17,4.64796768529998
"350",350,"Coquimbo",2020-05-05,6,97,6,97,23,3.05853326158181
"351",351,"Coquimbo",2020-05-06,0,97,0,97,21,4.3148574210206
"352",352,"Coquimbo",2020-05-07,3,100,3,100,24,4.52157387652015
"353",353,"Coquimbo",2020-05-08,11,111,11,111,34,4.45601790856972
"354",354,"Coquimbo",2020-05-09,18,129,18,129,51,7.44641249167729
"355",355,"Coquimbo",2020-05-10,6,135,6,135,47,5.86503237500441
"356",356,"Coquimbo",2020-05-11,5,140,5,140,49,4.301024382102
"357",357,"Coquimbo",2020-05-12,8,148,8,148,51,5.98208421009164
"358",358,"Coquimbo",2020-05-13,5,153,5,153,56,5.99091493129748
"359",359,"Coquimbo",2020-05-14,12,165,12,165,65,2.64477547603496
"360",360,"Coquimbo",2020-05-15,15,180,15,180,69,3.9938342456318
"361",361,"Coquimbo",2020-05-16,7,187,7,187,58,5.12739716154181
"362",362,"Coquimbo",2020-05-17,7,194,7,194,59,6.39688514831359
"363",363,"Coquimbo",2020-05-18,18,212,18,212,72,5.23135721037241
"364",364,"Coquimbo",2020-05-19,27,239,27,239,91,1.542928254352
"365",365,"Coquimbo",2020-05-20,24,263,24,263,110,6.83936960012027
"366",366,"Coquimbo",2020-05-21,5,268,5,268,103,5.26887551645875
"367",367,"Coquimbo",2020-05-22,13,281,13,281,101,3.70424907803904
"368",368,"Coquimbo",2020-05-23,13,294,13,294,107,4.40610067008359
"369",369,"Coquimbo",2020-05-24,29,323,29,323,129,3.16155297719428
"370",370,"Coquimbo",2020-05-25,15,338,15,338,126,4.86083138022466
"371",371,"Coquimbo",2020-05-26,46,384,46,384,145,6.54786308462714
"372",372,"Coquimbo",2020-05-27,71,455,71,455,192,3.05880091099983
"373",373,"Coquimbo",2020-05-28,27,482,27,482,214,4.55333108959867
"374",374,"Coquimbo",2020-05-29,55,537,55,537,256,7.13526362440295
"375",375,"Coquimbo",2020-05-30,60,597,60,597,303,2.78400489544399
"376",376,"Coquimbo",2020-05-31,31,628,31,628,305,5.33123650122329
"377",377,"Coquimbo",2020-06-01,40,668,40,668,330,3.72703914597019
"378",378,"Coquimbo",2020-06-02,19,687,19,687,303,4.05919068022378
"379",379,"Los Lagos",2020-03-25,8,44,8,44,36,6.33485622646194
"380",380,"Los Lagos",2020-03-26,16,60,16,60,44,6.33686757425157
"381",381,"Los Lagos",2020-03-27,3,63,3,63,45,4.04431826675476
"382",382,"Los Lagos",2020-03-28,30,93,30,93,73,6.02557720202855
"383",383,"Los Lagos",2020-03-29,11,104,11,104,81,2.51031657639865
"384",384,"Los Lagos",2020-03-30,24,128,24,128,95,5.53999672104889
"385",385,"Los Lagos",2020-03-31,23,151,23,151,115,4.34838023181665
"386",386,"Los Lagos",2020-04-01,30,181,30,181,137,3.51107356766964
"387",387,"Los Lagos",2020-04-02,22,203,22,203,143,5.00323904276983
"388",388,"Los Lagos",2020-04-03,31,234,31,234,171,7.00667590202568
"389",389,"Los Lagos",2020-04-04,25,259,25,259,166,5.36229214398239
"390",390,"Los Lagos",2020-04-05,17,276,17,276,172,1.97466151097247
"391",391,"Los Lagos",2020-04-06,10,286,10,286,158,4.75027842232893
"392",392,"Los Lagos",2020-04-07,13,299,13,299,148,5.4175396985678
"393",393,"Los Lagos",2020-04-08,26,325,26,325,144,8.44061917620548
"394",394,"Los Lagos",2020-04-09,15,340,15,340,137,2.45212103392984
"395",395,"Los Lagos",2020-04-10,9,349,9,349,115,3.5776895406213
"396",396,"Los Lagos",2020-04-11,15,364,15,364,105,3.00325835510286
"397",397,"Los Lagos",2020-04-12,8,372,8,372,96,5.54286360244124
"398",398,"Los Lagos",2020-04-13,8,380,8,380,94,5.97149936890481
"399",399,"Los Lagos",2020-04-14,5,385,5,385,86,5.56491694812436
"400",400,"Los Lagos",2020-04-15,5,390,5,390,65,5.06732436865513
"401",401,"Los Lagos",2020-04-16,9,399,9,399,59,5.88717549864171
"402",402,"Los Lagos",2020-04-17,13,412,13,412,63,3.41407205070301
"403",403,"Los Lagos",2020-04-18,4,416,4,416,52,5.76409709229138
"404",404,"Los Lagos",2020-04-19,5,421,5,421,49,8.52447759952
"405",405,"Los Lagos",2020-04-20,3,424,3,424,44,3.3508359806977
"406",406,"Los Lagos",2020-04-21,8,432,8,432,47,5.4711569943824
"407",407,"Los Lagos",2020-04-22,13,445,13,445,55,4.52216459655573
"408",408,"Los Lagos",2020-04-23,9,454,9,454,55,7.16227659993662
"409",409,"Los Lagos",2020-04-24,6,460,6,460,48,4.75325374898884
"410",410,"Los Lagos",2020-04-25,5,465,5,465,49,5.48651352916323
"411",411,"Los Lagos",2020-04-26,8,473,8,473,52,1.73724570592125
"412",412,"Los Lagos",2020-04-27,4,477,4,477,53,2.36806854923363
"413",413,"Los Lagos",2020-04-28,0,477,0,477,45,5.05451363786629
"414",414,"Los Lagos",2020-04-29,4,481,4,481,36,6.00776638590738
"415",415,"Los Lagos",2020-04-30,6,487,6,487,33,2.54189637889831
"416",416,"Los Lagos",2020-05-01,14,501,14,501,41,10.222806858042
"417",417,"Los Lagos",2020-05-02,12,513,12,513,48,6.48816326101163
"418",418,"Los Lagos",2020-05-03,4,517,4,517,44,5.33295512085337
"419",419,"Los Lagos",2020-05-04,7,524,7,524,47,3.65869735638759
"420",420,"Los Lagos",2020-05-05,1,525,1,525,48,6.9275211412729
"421",421,"Los Lagos",2020-05-06,16,541,16,541,60,4.93012586328636
"422",422,"Los Lagos",2020-05-07,4,545,4,545,58,3.65029874201469
"423",423,"Los Lagos",2020-05-08,3,548,3,548,47,8.06015846029064
"424",424,"Los Lagos",2020-05-09,11,559,11,559,46,5.6116036697873
"425",425,"Los Lagos",2020-05-10,16,575,16,575,58,7.27078248524808
"426",426,"Los Lagos",2020-05-11,17,592,17,592,68,3.71567035711261
"427",427,"Los Lagos",2020-05-12,2,594,2,594,69,7.2462876957361
"428",428,"Los Lagos",2020-05-13,34,628,34,628,87,4.1487172730917
"429",429,"Los Lagos",2020-05-14,5,633,5,633,88,8.52767028377593
"430",430,"Los Lagos",2020-05-15,8,641,8,641,93,6.96901236852559
"431",431,"Los Lagos",2020-05-16,3,644,3,644,85,5.45860278032847
"432",432,"Los Lagos",2020-05-17,3,647,3,647,72,4.94206695714979
"433",433,"Los Lagos",2020-05-18,5,652,5,652,60,2.79756178934387
"434",434,"Los Lagos",2020-05-19,4,656,4,656,62,5.9754593802817
"435",435,"Los Lagos",2020-05-20,10,666,10,666,38,6.68456722628494
"436",436,"Los Lagos",2020-05-21,27,693,27,693,60,6.26335871017378
"437",437,"Los Lagos",2020-05-22,24,717,24,717,76,7.32206343685923
"438",438,"Los Lagos",2020-05-23,10,727,10,727,83,6.72544253364311
"439",439,"Los Lagos",2020-05-24,9,736,9,736,89,4.14011789020692
"440",440,"Los Lagos",2020-05-25,27,763,27,763,111,3.54971073689018
"441",441,"Los Lagos",2020-05-26,18,781,18,781,125,8.55371168245157
"442",442,"Los Lagos",2020-05-27,10,791,10,791,125,8.44441781969058
"443",443,"Los Lagos",2020-05-28,23,814,23,814,121,3.13868595937789
"444",444,"Los Lagos",2020-05-29,8,822,8,822,105,5.5145499364466
"445",445,"Los Lagos",2020-05-30,38,860,38,860,133,1.50937985498539
"446",446,"Los Lagos",2020-05-31,3,863,3,863,127,6.38412414192096
"447",447,"Los Lagos",2020-06-01,0,863,0,863,100,4.54022938545642
"448",448,"Los Lagos",2020-06-02,31,894,31,894,113,6.17171471616298
"449",449,"Los Ríos",2020-03-31,11,58,11,58,52,1.51943433883636
"450",450,"Los Ríos",2020-04-01,6,64,6,64,53,1.57859525812497
"451",451,"Los Ríos",2020-04-02,4,68,4,68,54,8.24949106506207
"452",452,"Los Ríos",2020-04-03,10,78,10,78,56,4.29405892738602
"453",453,"Los Ríos",2020-04-04,11,89,11,89,62,3.92661683524327
"454",454,"Los Ríos",2020-04-05,10,99,10,99,59,3.92949859501457
"455",455,"Los Ríos",2020-04-06,5,104,5,104,57,11.6005039672917
"456",456,"Los Ríos",2020-04-07,5,109,5,109,51,4.67375735652122
"457",457,"Los Ríos",2020-04-08,5,114,5,114,50,8.06584280916217
"458",458,"Los Ríos",2020-04-09,4,118,4,118,50,4.82765543624278
"459",459,"Los Ríos",2020-04-10,6,124,6,124,46,4.93932300940055
"460",460,"Los Ríos",2020-04-11,6,130,6,130,41,8.30164276803012
"461",461,"Los Ríos",2020-04-12,5,135,5,135,36,2.48274509951536
"462",462,"Los Ríos",2020-04-13,3,138,3,138,34,5.09607822952378
"463",463,"Los Ríos",2020-04-14,10,148,10,148,39,3.99389178696153
"464",464,"Los Ríos",2020-04-15,2,150,2,150,36,5.54060984636703
"465",465,"Los Ríos",2020-04-16,3,153,3,153,35,3.85508283499019
"466",466,"Los Ríos",2020-04-17,1,154,1,154,30,5.89302803255375
"467",467,"Los Ríos",2020-04-18,2,156,2,156,26,3.15739337436711
"468",468,"Los Ríos",2020-04-19,1,157,1,157,22,6.24966047879475
"469",469,"Los Ríos",2020-04-20,5,162,5,162,24,5.24442876892092
"470",470,"Los Ríos",2020-04-21,5,167,5,167,19,5.05629268428862
"471",471,"Los Ríos",2020-04-22,4,171,4,171,21,4.9456959879615
"472",472,"Los Ríos",2020-04-23,2,173,2,173,20,4.95117047620565
"473",473,"Los Ríos",2020-04-24,1,174,1,174,20,2.39828433208752
"474",474,"Los Ríos",2020-04-25,3,177,3,177,21,5.85360988302424
"475",475,"Los Ríos",2020-04-26,1,178,1,178,21,5.22299389521074
"476",476,"Los Ríos",2020-04-27,2,180,2,180,18,2.49693181495939
"477",477,"Los Ríos",2020-04-28,0,180,0,180,13,3.98368806363045
"478",478,"Los Ríos",2020-04-29,2,182,2,182,11,3.20194075905898
"479",479,"Los Ríos",2020-04-30,7,189,7,189,16,6.47528114698444
"480",480,"Los Ríos",2020-05-01,0,189,0,189,15,4.61879831387654
"481",481,"Los Ríos",2020-05-02,7,196,7,196,19,2.3018683803737
"482",482,"Los Ríos",2020-05-03,2,198,2,198,20,4.96435494330906
"483",483,"Los Ríos",2020-05-04,1,199,1,199,19,3.28066257157784
"484",484,"Los Ríos",2020-05-05,0,199,0,199,19,7.25594206709447
"485",485,"Los Ríos",2020-05-06,1,200,1,200,18,3.69162312193722
"486",486,"Los Ríos",2020-05-07,2,202,2,202,13,1.63679718363786
"487",487,"Los Ríos",2020-05-08,1,203,1,203,14,2.17368142028946
"488",488,"Los Ríos",2020-05-09,3,206,3,206,10,5.62855100826116
"489",489,"Los Ríos",2020-05-10,0,206,0,206,8,4.96765625576136
"490",490,"Los Ríos",2020-05-11,2,208,2,208,9,3.99158461463708
"491",491,"Los Ríos",2020-05-12,3,211,3,211,12,4.70633375417873
"492",492,"Los Ríos",2020-05-13,1,212,1,212,12,3.10231985081663
"493",493,"Los Ríos",2020-05-14,2,214,2,214,12,4.81354398803959
"494",494,"Los Ríos",2020-05-15,5,219,5,219,16,6.99680735301087
"495",495,"Los Ríos",2020-05-16,0,219,0,219,13,5.70542960212021
"496",496,"Los Ríos",2020-05-17,1,220,1,220,14,5.66322014737045
"497",497,"Los Ríos",2020-05-18,4,224,4,224,16,6.01060000843591
"498",498,"Los Ríos",2020-05-19,5,229,5,229,18,3.04786581673596
"499",499,"Los Ríos",2020-05-20,18,247,18,247,35,8.6856781712547
"500",500,"Los Ríos",2020-05-21,11,258,11,258,44,2.6262858432045
"501",501,"Los Ríos",2020-05-22,4,262,4,262,43,2.81919508135221
"502",502,"Los Ríos",2020-05-23,12,274,12,274,55,7.05598300018016
"503",503,"Los Ríos",2020-05-24,16,290,16,290,70,3.21871246245569
"504",504,"Los Ríos",2020-05-25,7,297,7,297,73,4.84538912594977
"505",505,"Los Ríos",2020-05-26,7,304,7,304,75,7.49955491919904
"506",506,"Los Ríos",2020-05-27,5,309,5,309,62,4.62048717796399
"507",507,"Los Ríos",2020-05-28,9,318,9,318,60,6.11214454342676
"508",508,"Los Ríos",2020-05-29,12,330,12,330,68,5.88623102689383
"509",509,"Los Ríos",2020-05-30,15,345,15,345,71,8.55320425542019
"510",510,"Los Ríos",2020-05-31,11,356,11,356,66,5.88080399370142
"511",511,"Los Ríos",2020-06-01,7,363,7,363,66,2.14971705390571
"512",512,"Los Ríos",2020-06-02,5,368,5,368,64,2.02786222425115
"513",513,"Magallanes",2020-03-31,24,63,24,63,55,2.67273152723844
"514",514,"Magallanes",2020-04-01,36,99,36,99,86,7.00241298754836
"515",515,"Magallanes",2020-04-02,15,114,15,114,95,5.46385219200744
"516",516,"Magallanes",2020-04-03,42,156,42,156,134,2.52276697739472
"517",517,"Magallanes",2020-04-04,16,172,16,172,146,8.01063882809935
"518",518,"Magallanes",2020-04-05,18,190,18,190,151,4.66625198007858
"519",519,"Magallanes",2020-04-06,31,221,31,221,182,4.11470240598759
"520",520,"Magallanes",2020-04-07,19,240,19,240,177,2.89499975660583
"521",521,"Magallanes",2020-04-08,26,266,26,266,167,2.28380106491129
"522",522,"Magallanes",2020-04-09,20,286,20,286,172,3.34592172790921
"523",523,"Magallanes",2020-04-10,45,331,45,331,175,8.18522850049632
"524",524,"Magallanes",2020-04-11,46,377,46,377,205,2.95264404921681
"525",525,"Magallanes",2020-04-12,19,396,19,396,206,5.66346199698242
"526",526,"Magallanes",2020-04-13,19,415,19,415,194,9.90198239600412
"527",527,"Magallanes",2020-04-14,14,429,14,429,189,8.82287626561849
"528",528,"Magallanes",2020-04-15,15,444,15,444,178,7.70842240734451
"529",529,"Magallanes",2020-04-16,23,467,23,467,181,6.84069340879392
"530",530,"Magallanes",2020-04-17,34,501,34,501,170,8.13542437011501
"531",531,"Magallanes",2020-04-18,21,522,21,522,145,7.32880283677685
"532",532,"Magallanes",2020-04-19,31,553,31,553,157,3.98059241654098
"533",533,"Magallanes",2020-04-20,13,566,13,566,151,4.16193438092496
"534",534,"Magallanes",2020-04-21,27,593,27,593,164,6.85373002323846
"535",535,"Magallanes",2020-04-22,12,605,12,605,161,7.13958091915899
"536",536,"Magallanes",2020-04-23,10,615,10,615,148,4.59185939241105
"537",537,"Magallanes",2020-04-24,9,624,9,624,123,2.2432519803942
"538",538,"Magallanes",2020-04-25,31,655,31,655,133,7.0146324121983
"539",539,"Magallanes",2020-04-26,13,668,13,668,115,6.6660691718843
"540",540,"Magallanes",2020-04-27,3,671,3,671,105,5.62774582553299
"541",541,"Magallanes",2020-04-28,22,693,22,693,100,3.04598418564865
"542",542,"Magallanes",2020-04-29,21,714,21,714,109,4.5764656491725
"543",543,"Magallanes",2020-04-30,11,725,11,725,110,8.6190352192187
"544",544,"Magallanes",2020-05-01,1,726,1,726,102,2.23493618824482
"545",545,"Magallanes",2020-05-02,26,752,26,752,97,4.87127282707589
"546",546,"Magallanes",2020-05-03,25,777,25,777,109,5.45816657046311
"547",547,"Magallanes",2020-05-04,18,795,18,795,124,5.05295411463654
"548",548,"Magallanes",2020-05-05,14,809,14,809,116,5.27373868370449
"549",549,"Magallanes",2020-05-06,9,818,9,818,104,5.74336462675456
"550",550,"Magallanes",2020-05-07,18,836,18,836,111,5.71014999954113
"551",551,"Magallanes",2020-05-08,31,867,31,867,141,8.18557515526354
"552",552,"Magallanes",2020-05-09,14,881,14,881,129,3.88970264978661
"553",553,"Magallanes",2020-05-10,12,893,12,893,116,6.3653911538474
"554",554,"Magallanes",2020-05-11,8,901,8,901,106,2.51639002492822
"555",555,"Magallanes",2020-05-12,9,910,9,910,101,4.30479573559185
"556",556,"Magallanes",2020-05-13,11,921,11,921,103,4.98606746073119
"557",557,"Magallanes",2020-05-14,14,935,14,935,99,2.11306595619483
"558",558,"Magallanes",2020-05-15,2,937,2,937,70,3.76776734115379
"559",559,"Magallanes",2020-05-16,15,952,15,952,71,7.49405875361398
"560",560,"Magallanes",2020-05-17,9,961,9,961,68,5.87725496007341
"561",561,"Magallanes",2020-05-18,10,971,10,971,70,5.7214587751062
"562",562,"Magallanes",2020-05-19,1,972,1,972,62,1.01722626100589
"563",563,"Magallanes",2020-05-20,5,977,5,977,56,8.83610215193645
"564",564,"Magallanes",2020-05-21,10,987,10,987,52,4.78190523066416
"565",565,"Magallanes",2020-05-22,5,992,5,992,55,4.34171886459149
"566",566,"Magallanes",2020-05-23,5,997,5,997,45,3.06407761674442
"567",567,"Magallanes",2020-05-24,13,1010,13,1010,49,3.90492214466574
"568",568,"Magallanes",2020-05-25,6,1016,6,1016,45,2.6875710981914
"569",569,"Magallanes",2020-05-26,15,1031,15,1031,59,3.54655525853793
"570",570,"Magallanes",2020-05-27,6,1037,6,1037,60,0.651416065636133
"571",571,"Magallanes",2020-05-28,3,1040,3,1040,53,5.51055261229964
"572",572,"Magallanes",2020-05-29,7,1047,7,1047,55,2.3235327636001
"573",573,"Magallanes",2020-05-30,7,1054,7,1054,57,5.83379663128164
"574",574,"Magallanes",2020-05-31,2,1056,2,1056,46,3.82483086680998
"575",575,"Magallanes",2020-06-01,1,1056,1,1056,41,7.03848256145631
"576",576,"Magallanes",2020-06-02,3,1060,3,1060,29,7.0107973589822
"577",577,"Maule",2020-03-24,1,29,1,29,20,2.1076411459962
"578",578,"Maule",2020-03-25,1,30,1,30,19,3.40888352114197
"579",579,"Maule",2020-03-26,1,31,1,31,17,5.70021226658726
"580",580,"Maule",2020-03-27,1,32,1,32,18,4.73256395601161
"581",581,"Maule",2020-03-28,5,37,5,37,22,1.39109687616653
"582",582,"Maule",2020-03-29,5,42,5,42,17,6.5291270468525
"583",583,"Maule",2020-03-30,12,54,12,54,26,2.31302041565711
"584",584,"Maule",2020-03-31,8,62,8,62,33,6.5952329590552
"585",585,"Maule",2020-04-01,9,71,9,71,41,7.13312801360121
"586",586,"Maule",2020-04-02,11,82,11,82,51,7.7365612434514
"587",587,"Maule",2020-04-03,7,89,7,89,57,2.00386573020485
"588",588,"Maule",2020-04-04,8,97,8,97,60,6.24496909306062
"589",589,"Maule",2020-04-05,6,103,6,103,61,7.79258158064006
"590",590,"Maule",2020-04-06,5,108,5,108,54,0.631962213655054
"591",591,"Maule",2020-04-07,0,108,0,108,46,4.30867478925366
"592",592,"Maule",2020-04-08,11,119,11,119,48,1.28170385218418
"593",593,"Maule",2020-04-09,9,128,9,128,46,4.18281118482172
"594",594,"Maule",2020-04-10,3,131,3,131,42,5.46363711982116
"595",595,"Maule",2020-04-11,3,134,3,134,37,3.33453580162014
"596",596,"Maule",2020-04-12,4,138,4,138,35,6.17885225030449
"597",597,"Maule",2020-04-13,3,141,3,141,33,-0.187659189289618
"598",598,"Maule",2020-04-14,1,142,1,142,34,6.53520741424799
"599",599,"Maule",2020-04-15,10,152,10,152,33,4.21403613686177
"600",600,"Maule",2020-04-16,15,167,15,167,39,2.61101136381037
"601",601,"Maule",2020-04-17,56,223,56,223,92,6.04680228274858
"602",602,"Maule",2020-04-18,53,276,53,276,142,5.54319064261378
"603",603,"Maule",2020-04-19,26,302,26,302,164,7.63434169702519
"604",604,"Maule",2020-04-20,2,304,2,304,163,7.80452233327437
"605",605,"Maule",2020-04-21,12,316,12,316,174,8.14418342743333
"606",606,"Maule",2020-04-22,12,328,12,328,176,3.38240386323557
"607",607,"Maule",2020-04-23,5,333,5,333,166,-0.562949070085836
"608",608,"Maule",2020-04-24,16,349,16,349,126,6.31281262077447
"609",609,"Maule",2020-04-25,1,350,1,350,74,4.44043392356825
"610",610,"Maule",2020-04-26,4,354,4,354,52,2.50534819276787
"611",611,"Maule",2020-04-27,9,363,9,363,59,5.42841255423629
"612",612,"Maule",2020-04-28,21,384,21,384,68,5.82382976821698
"613",613,"Maule",2020-04-29,8,392,8,392,64,4.78750002221248
"614",614,"Maule",2020-04-30,1,393,1,393,60,5.16041758249002
"615",615,"Maule",2020-05-01,1,394,1,394,45,4.36908142372254
"616",616,"Maule",2020-05-02,2,396,2,396,46,7.91579771084047
"617",617,"Maule",2020-05-03,1,397,1,397,43,2.13247872607513
"618",618,"Maule",2020-05-04,2,399,2,399,36,6.28731908899157
"619",619,"Maule",2020-05-05,9,408,9,408,24,7.52620671105812
"620",620,"Maule",2020-05-06,0,408,0,408,16,3.66572590452645
"621",621,"Maule",2020-05-07,6,414,6,414,21,0.999074075709168
"622",622,"Maule",2020-05-08,11,425,11,425,31,6.61949431185244
"623",623,"Maule",2020-05-09,7,432,7,432,36,5.16761858505339
"624",624,"Maule",2020-05-10,9,441,9,441,44,1.09764912245563
"625",625,"Maule",2020-05-11,13,454,13,454,55,8.84848380140843
"626",626,"Maule",2020-05-12,12,466,12,466,58,8.44459368688449
"627",627,"Maule",2020-05-13,19,485,19,485,77,7.10247453583546
"628",628,"Maule",2020-05-14,34,519,34,519,105,6.81770526297864
"629",629,"Maule",2020-05-15,21,540,21,540,115,4.47577539448055
"630",630,"Maule",2020-05-16,11,551,11,551,119,9.09767412255209
"631",631,"Maule",2020-05-17,22,573,22,573,132,4.09156549176333
"632",632,"Maule",2020-05-18,29,602,29,602,148,3.40142408892216
"633",633,"Maule",2020-05-19,38,640,38,640,174,4.46129595492163
"634",634,"Maule",2020-05-20,40,680,40,680,195,4.75815016319768
"635",635,"Maule",2020-05-21,51,731,51,731,212,5.00550082767809
"636",636,"Maule",2020-05-22,51,782,51,782,242,6.31626602008319
"637",637,"Maule",2020-05-23,41,823,41,823,272,4.33249867500328
"638",638,"Maule",2020-05-24,69,892,69,892,319,2.70662096995651
"639",639,"Maule",2020-05-25,61,953,61,953,351,3.0545779892913
"640",640,"Maule",2020-05-26,60,1013,60,1013,373,4.17702160564295
"641",641,"Maule",2020-05-27,53,1066,53,1066,386,7.10654510633193
"642",642,"Maule",2020-05-28,54,1120,54,1120,389,7.0700296324653
"643",643,"Maule",2020-05-29,60,1180,60,1180,398,6.64430104320696
"644",644,"Maule",2020-05-30,76,1256,76,1256,433,3.90576489223391
"645",645,"Maule",2020-05-31,41,1297,41,1297,405,6.65087630851752
"646",646,"Maule",2020-06-01,44,1341,44,1341,388,3.88319979507807
"647",647,"Maule",2020-06-02,40,1381,40,1381,368,4.04505020510782
"648",648,"Metropolitana",2020-03-16,69,123,69,123,114,6.43112082439835
"649",649,"Metropolitana",2020-03-17,29,152,29,152,142,2.3812066566815
"650",650,"Metropolitana",2020-03-18,22,174,22,174,160,7.32894592386128
"651",651,"Metropolitana",2020-03-19,73,247,73,247,224,5.47834603244167
"652",652,"Metropolitana",2020-03-20,57,304,57,304,275,6.69013310159654
"653",653,"Metropolitana",2020-03-21,55,359,55,359,319,4.67177879294849
"654",654,"Metropolitana",2020-03-22,50,409,50,409,355,2.97821783504394
"655",655,"Metropolitana",2020-03-23,50,459,50,459,336,6.69718343358009
"656",656,"Metropolitana",2020-03-24,81,540,81,540,388,4.35781517150516
"657",657,"Metropolitana",2020-03-25,142,682,142,682,508,6.23256272008213
"658",658,"Metropolitana",2020-03-26,64,746,64,746,499,4.95403267630124
"659",659,"Metropolitana",2020-03-27,192,938,192,938,634,5.63344645129928
"660",660,"Metropolitana",2020-03-28,146,1084,146,1084,725,8.12044420490993
"661",661,"Metropolitana",2020-03-29,83,1167,83,1167,758,5.36006844733637
"662",662,"Metropolitana",2020-03-30,128,1295,128,1295,836,7.84802402629941
"663",663,"Metropolitana",2020-03-31,125,1420,125,1420,880,3.72976111811793
"664",664,"Metropolitana",2020-04-01,101,1521,101,1521,839,7.7775788977721
"665",665,"Metropolitana",2020-04-02,115,1636,115,1636,890,4.14882442595902
"666",666,"Metropolitana",2020-04-03,106,1742,106,1742,804,3.08684806746276
"667",667,"Metropolitana",2020-04-04,215,1957,215,1957,873,4.5473530243429
"668",668,"Metropolitana",2020-04-05,145,2102,145,2102,935,4.44781462210601
"669",669,"Metropolitana",2020-04-06,142,2244,142,2244,949,5.68826892809291
"670",670,"Metropolitana",2020-04-07,106,2350,106,2350,930,2.39534867387669
"671",671,"Metropolitana",2020-04-08,198,2548,198,2548,1027,1.70638414695038
"672",672,"Metropolitana",2020-04-09,284,2832,284,2832,1196,2.51656243898897
"673",673,"Metropolitana",2020-04-10,361,3193,361,3193,1451,4.28664433198635
"674",674,"Metropolitana",2020-04-11,255,3448,255,3448,1491,2.88512563135786
"675",675,"Metropolitana",2020-04-12,151,3599,151,3599,1497,3.13683963140499
"676",676,"Metropolitana",2020-04-13,204,3803,204,3803,1559,3.04412717499229
"677",677,"Metropolitana",2020-04-14,283,4086,283,4086,1736,5.35847880527872
"678",678,"Metropolitana",2020-04-15,248,4334,248,4334,1786,7.24130539310948
"679",679,"Metropolitana",2020-04-16,348,4682,348,4682,1850,5.55786608327219
"680",680,"Metropolitana",2020-04-17,233,4915,233,4915,1722,6.70267402395698
"681",681,"Metropolitana",2020-04-18,277,5192,277,5192,1744,6.38049754274613
"682",682,"Metropolitana",2020-04-19,189,5381,189,5381,1782,6.86015503570099
"683",683,"Metropolitana",2020-04-20,262,5643,262,5643,1840,5.5294523866538
"684",684,"Metropolitana",2020-04-21,145,5788,145,5788,1702,5.80484234700146
"685",685,"Metropolitana",2020-04-22,295,6083,295,6083,1749,6.33824218718383
"686",686,"Metropolitana",2020-04-23,351,6434,351,6434,1752,5.90477427038527
"687",687,"Metropolitana",2020-04-24,327,6761,327,6761,1846,3.00341773552997
"688",688,"Metropolitana",2020-04-25,404,7165,404,7165,1973,4.94172360167249
"689",689,"Metropolitana",2020-04-26,331,7496,331,7496,2115,2.03449163830077
"690",690,"Metropolitana",2020-04-27,362,7858,362,7858,2215,3.12003794581663
"691",691,"Metropolitana",2020-04-28,442,8300,442,8300,2512,2.26511629652562
"692",692,"Metropolitana",2020-04-29,589,8889,589,8889,2806,4.90489860626283
"693",693,"Metropolitana",2020-04-30,736,9625,736,9625,3191,9.89076622656352
"694",694,"Metropolitana",2020-05-01,891,10516,891,10516,3755,1.12507311941934
"695",695,"Metropolitana",2020-05-02,1145,11661,1145,11661,4496,6.26297330096856
"696",696,"Metropolitana",2020-05-03,995,12656,995,12656,5160,4.18664723185904
"697",697,"Metropolitana",2020-05-04,872,13528,872,13528,5670,7.59642143010658
"698",698,"Metropolitana",2020-05-05,1179,14707,1179,14707,6407,5.75354174574501
"699",699,"Metropolitana",2020-05-06,875,15582,875,15582,6693,3.12138296386342
"700",700,"Metropolitana",2020-05-07,1246,16828,1246,16828,7203,4.23811368353267
"701",701,"Metropolitana",2020-05-08,1151,17979,1151,17979,7463,4.68520637095739
"702",702,"Metropolitana",2020-05-09,978,18957,978,18957,7296,2.0858092986775
"703",703,"Metropolitana",2020-05-10,1396,20353,1396,20353,7697,0.963504381458704
"704",704,"Metropolitana",2020-05-11,964,21317,964,21317,7789,6.22940110981483
"705",705,"Metropolitana",2020-05-12,1392,22709,1392,22709,8002,5.81496173609994
"706",706,"Metropolitana",2020-05-13,2256,24965,2256,24965,9383,6.39633328386097
"707",707,"Metropolitana",2020-05-14,2251,27216,2251,27216,10388,6.32101780133782
"708",708,"Metropolitana",2020-05-15,2060,29276,2060,29276,11297,6.80603419916265
"709",709,"Metropolitana",2020-05-16,1518,30794,1518,30794,11837,3.00336617776289
"710",710,"Metropolitana",2020-05-17,1890,32684,1890,32684,12331,5.87839744035505
"711",711,"Metropolitana",2020-05-18,1767,34451,1767,34451,13134,4.83581812326544
"712",712,"Metropolitana",2020-05-19,3140,37591,3140,37591,14882,5.2252911262465
"713",713,"Metropolitana",2020-05-20,3588,41179,3588,41179,16214,7.4804989262061
"714",714,"Metropolitana",2020-05-21,3462,44641,3462,44641,17425,4.75570790711067
"715",715,"Metropolitana",2020-05-22,3709,48350,3709,48350,19074,5.39070286432415
"716",716,"Metropolitana",2020-05-23,3049,51399,3049,51399,20605,6.94829709207864
"717",717,"Metropolitana",2020-05-24,3145,54544,3145,54544,21860,5.87113161794224
"718",718,"Metropolitana",2020-05-25,4386,58930,4386,58930,24479,4.98553856531151
"719",719,"Metropolitana",2020-05-26,3355,62285,3355,62285,24694,6.1322034684005
"720",720,"Metropolitana",2020-05-27,3726,66011,3726,66011,24832,5.1560782664466
"721",721,"Metropolitana",2020-05-28,3904,69915,3904,69915,25274,3.40039754867376
"722",722,"Metropolitana",2020-05-29,2995,72910,2995,72910,24560,5.38168163873655
"723",723,"Metropolitana",2020-05-30,3341,76251,3341,76251,24852,4.17001247092537
"724",724,"Metropolitana",2020-05-31,4253,80504,4253,80504,25960,1.94948976274209
"725",725,"Metropolitana",2020-06-01,4735,85239,4735,85239,26309,5.29179354001725
"726",726,"Metropolitana",2020-06-02,2955,88194,2955,88194,25909,4.31745072487275
"727",727,"Ñuble",2020-03-22,6,64,6,64,60,6.81124900590663
"728",728,"Ñuble",2020-03-23,17,81,17,81,69,4.07479933760795
"729",729,"Ñuble",2020-03-24,24,105,24,105,79,3.45298160645966
"730",730,"Ñuble",2020-03-25,6,111,6,111,85,6.15007951704072
"731",731,"Ñuble",2020-03-26,3,114,3,114,86,2.49816448175008
"732",732,"Ñuble",2020-03-27,30,144,30,144,100,5.32041069824264
"733",733,"Ñuble",2020-03-28,28,172,28,172,114,3.64504895113409
"734",734,"Ñuble",2020-03-29,25,197,25,197,133,2.39442126348502
"735",735,"Ñuble",2020-03-30,32,229,32,229,148,4.93410332727045
"736",736,"Ñuble",2020-03-31,16,245,16,245,140,5.00674896236695
"737",737,"Ñuble",2020-04-01,14,259,14,259,148,5.49205987033847
"738",738,"Ñuble",2020-04-02,82,341,82,341,227,5.39703376453272
"739",739,"Ñuble",2020-04-03,29,370,29,370,226,5.92728874271301
"740",740,"Ñuble",2020-04-04,31,401,31,401,229,3.54609527186974
"741",741,"Ñuble",2020-04-05,24,425,24,425,228,7.70010960820675
"742",742,"Ñuble",2020-04-06,49,474,49,474,245,7.50198748126433
"743",743,"Ñuble",2020-04-07,48,522,48,522,277,2.70791546527737
"744",744,"Ñuble",2020-04-08,39,561,39,561,302,6.03290433709727
"745",745,"Ñuble",2020-04-09,10,571,10,571,230,6.4480569918099
"746",746,"Ñuble",2020-04-10,18,589,18,589,219,6.96742639509503
"747",747,"Ñuble",2020-04-11,17,606,17,606,205,2.46998474213529
"748",748,"Ñuble",2020-04-12,7,613,7,613,188,5.1895881452888
"749",749,"Ñuble",2020-04-13,5,618,5,618,144,3.8360739606339
"750",750,"Ñuble",2020-04-14,4,622,4,622,100,2.1251687702007
"751",751,"Ñuble",2020-04-15,12,634,12,634,73,2.46658090254101
"752",752,"Ñuble",2020-04-16,5,639,5,639,68,1.76290510610544
"753",753,"Ñuble",2020-04-17,17,656,17,656,67,4.53319971626207
"754",754,"Ñuble",2020-04-18,11,667,11,667,61,4.92354952027866
"755",755,"Ñuble",2020-04-19,11,678,11,678,65,3.41921998747982
"756",756,"Ñuble",2020-04-20,9,687,9,687,69,3.12188762638259
"757",757,"Ñuble",2020-04-21,7,694,7,694,72,4.09174614499493
"758",758,"Ñuble",2020-04-22,9,703,9,703,69,7.0637941641377
"759",759,"Ñuble",2020-04-23,5,708,5,708,69,4.09086061779341
"760",760,"Ñuble",2020-04-24,7,715,7,715,59,2.29858173052289
"761",761,"Ñuble",2020-04-25,10,725,10,725,58,-0.381500452668163
"762",762,"Ñuble",2020-04-26,6,731,6,731,53,9.71910415826006
"763",763,"Ñuble",2020-04-27,10,741,10,741,54,3.91714754625547
"764",764,"Ñuble",2020-04-28,6,747,6,747,53,8.39102453795476
"765",765,"Ñuble",2020-04-29,14,761,14,761,58,3.48390539062612
"766",766,"Ñuble",2020-04-30,7,768,7,768,60,3.52645311466604
"767",767,"Ñuble",2020-05-01,0,768,0,768,53,2.28719627440456
"768",768,"Ñuble",2020-05-02,8,776,8,776,51,1.88896716406504
"769",769,"Ñuble",2020-05-03,10,786,10,786,55,3.54191857506382
"770",770,"Ñuble",2020-05-04,1,787,1,787,46,5.24805196185072
"771",771,"Ñuble",2020-05-05,2,789,2,789,42,8.84652224987793
"772",772,"Ñuble",2020-05-06,2,791,2,791,30,5.52538649976781
"773",773,"Ñuble",2020-05-07,2,793,2,793,25,3.93665206374551
"774",774,"Ñuble",2020-05-08,1,794,1,794,26,5.57688971676287
"775",775,"Ñuble",2020-05-09,7,801,7,801,25,2.19177278553726
"776",776,"Ñuble",2020-05-10,11,812,11,812,26,3.93409355016959
"777",777,"Ñuble",2020-05-11,2,814,2,814,27,4.90258049531146
"778",778,"Ñuble",2020-05-12,12,826,12,826,37,7.57207037404286
"779",779,"Ñuble",2020-05-13,13,839,13,839,48,3.83056139246319
"780",780,"Ñuble",2020-05-14,10,849,10,849,56,4.89041519418993
"781",781,"Ñuble",2020-05-15,36,885,36,885,91,2.69681811738496
"782",782,"Ñuble",2020-05-16,36,921,36,921,120,2.73839199329184
"783",783,"Ñuble",2020-05-17,21,942,21,942,130,4.30965103102945
"784",784,"Ñuble",2020-05-18,43,985,43,985,171,7.59387332871898
"785",785,"Ñuble",2020-05-19,3,988,3,988,162,4.85964523851207
"786",786,"Ñuble",2020-05-20,23,1011,23,1011,172,5.68686424523964
"787",787,"Ñuble",2020-05-21,9,1020,9,1020,171,5.32611287127361
"788",788,"Ñuble",2020-05-22,5,1025,5,1025,140,5.52633552118162
"789",789,"Ñuble",2020-05-23,52,1077,52,1077,156,5.92325808296694
"790",790,"Ñuble",2020-05-24,25,1102,25,1102,160,3.80973728516439
"791",791,"Ñuble",2020-05-25,37,1139,37,1139,154,4.07042247555987
"792",792,"Ñuble",2020-05-26,8,1147,8,1147,159,2.4236744932468
"793",793,"Ñuble",2020-05-27,27,1174,27,1174,163,5.62413620380505
"794",794,"Ñuble",2020-05-28,31,1205,31,1205,185,4.14023884663177
"795",795,"Ñuble",2020-05-29,37,1242,37,1242,217,4.13688986993199
"796",796,"Ñuble",2020-05-30,14,1256,14,1256,179,5.62570859205523
"797",797,"Ñuble",2020-05-31,1,1257,1,1257,155,4.57102948131232
"798",798,"Ñuble",2020-06-01,33,1290,33,1290,151,6.50953321075941
"799",799,"Ñuble",2020-06-02,0,1290,0,1290,143,3.4742838581539
"800",800,"O’Higgins",2020-03-31,2,23,2,23,14,3.19811446614284
"801",801,"O’Higgins",2020-04-01,3,26,3,26,15,6.32196111612424
"802",802,"O’Higgins",2020-04-02,6,32,6,32,18,6.7515578363139
"803",803,"O’Higgins",2020-04-03,1,33,1,33,17,4.67294970943148
"804",804,"O’Higgins",2020-04-04,5,38,5,38,18,4.27968504356807
"805",805,"O’Higgins",2020-04-05,3,41,3,41,20,6.49389924825812
"806",806,"O’Higgins",2020-04-06,1,42,1,42,21,8.021525879623
"807",807,"O’Higgins",2020-04-07,0,42,0,42,19,5.50625442149811
"808",808,"O’Higgins",2020-04-08,1,43,1,43,17,6.45684882841134
"809",809,"O’Higgins",2020-04-09,1,44,1,44,12,4.17625615457055
"810",810,"O’Higgins",2020-04-10,0,44,0,44,11,6.42172458990365
"811",811,"O’Higgins",2020-04-11,1,45,1,45,7,4.26029830179405
"812",812,"O’Higgins",2020-04-12,1,46,1,46,5,6.55747794556422
"813",813,"O’Higgins",2020-04-13,2,48,2,48,6,9.58287507119446
"814",814,"O’Higgins",2020-04-14,5,53,5,53,11,6.60635846418376
"815",815,"O’Higgins",2020-04-15,1,54,1,54,11,3.7426919866825
"816",816,"O’Higgins",2020-04-16,0,54,0,54,10,8.76735406732092
"817",817,"O’Higgins",2020-04-17,1,55,1,55,11,3.06886726006351
"818",818,"O’Higgins",2020-04-18,0,55,0,55,10,8.68437887920653
"819",819,"O’Higgins",2020-04-19,0,55,0,55,9,5.43896286794278
"820",820,"O’Higgins",2020-04-20,1,56,1,56,8,5.55318105062824
"821",821,"O’Higgins",2020-04-21,1,57,1,57,4,6.84095066982638
"822",822,"O’Higgins",2020-04-22,2,59,2,59,5,7.61391216451126
"823",823,"O’Higgins",2020-04-23,17,76,17,76,22,3.86849575726057
"824",824,"O’Higgins",2020-04-24,5,81,5,81,26,5.47202632447165
"825",825,"O’Higgins",2020-04-25,4,85,4,85,30,5.28150232452224
"826",826,"O’Higgins",2020-04-26,7,92,7,92,37,5.82712018369867
"827",827,"O’Higgins",2020-04-27,2,94,2,94,38,7.35090524611604
"828",828,"O’Higgins",2020-04-28,3,97,3,97,40,4.98860758946295
"829",829,"O’Higgins",2020-04-29,7,104,7,104,45,7.12315748415271
"830",830,"O’Higgins",2020-04-30,4,108,4,108,32,7.22978498714415
"831",831,"O’Higgins",2020-05-01,1,109,1,109,28,4.3710259440961
"832",832,"O’Higgins",2020-05-02,11,120,11,120,35,3.04430457081959
"833",833,"O’Higgins",2020-05-03,5,125,5,125,33,5.7841875194024
"834",834,"O’Higgins",2020-05-04,6,131,6,131,37,5.23867292503478
"835",835,"O’Higgins",2020-05-05,5,136,5,136,39,2.39189335647426
"836",836,"O’Higgins",2020-05-06,9,145,9,145,41,4.77910480100825
"837",837,"O’Higgins",2020-05-07,6,151,6,151,43,5.33828112186197
"838",838,"O’Higgins",2020-05-08,16,167,16,167,58,4.80282730644269
"839",839,"O’Higgins",2020-05-09,15,182,15,182,62,5.27348479997844
"840",840,"O’Higgins",2020-05-10,13,195,13,195,70,6.23462454942838
"841",841,"O’Higgins",2020-05-11,21,216,21,216,85,2.93812285625744
"842",842,"O’Higgins",2020-05-12,8,224,8,224,88,3.59818917799851
"843",843,"O’Higgins",2020-05-13,24,248,24,248,103,4.59572069345123
"844",844,"O’Higgins",2020-05-14,47,295,47,295,144,1.29374867191757
"845",845,"O’Higgins",2020-05-15,28,323,28,323,156,6.14937061626516
"846",846,"O’Higgins",2020-05-16,6,329,6,329,147,3.42497339434598
"847",847,"O’Higgins",2020-05-17,37,366,37,366,171,7.65449438758953
"848",848,"O’Higgins",2020-05-18,52,418,52,418,202,4.4112052064032
"849",849,"O’Higgins",2020-05-19,24,442,24,442,218,5.00181084780225
"850",850,"O’Higgins",2020-05-20,13,455,13,455,207,7.4678394124818
"851",851,"O’Higgins",2020-05-21,10,465,10,465,170,3.21903132153582
"852",852,"O’Higgins",2020-05-22,27,492,27,492,169,6.15948856840063
"853",853,"O’Higgins",2020-05-23,26,518,26,518,189,-1.0761209728589
"854",854,"O’Higgins",2020-05-24,36,554,36,554,188,7.23535931724834
"855",855,"O’Higgins",2020-05-25,34,588,34,588,170,3.85678445179442
"856",856,"O’Higgins",2020-05-26,66,654,66,654,212,4.05226007367117
"857",857,"O’Higgins",2020-05-27,37,691,37,691,236,3.9376217732573
"858",858,"O’Higgins",2020-05-28,14,705,14,705,240,7.96445580905649
"859",859,"O’Higgins",2020-05-29,40,745,40,745,253,5.99295240683691
"860",860,"O’Higgins",2020-05-30,11,756,11,756,238,2.07837728171639
"861",861,"O’Higgins",2020-05-31,29,785,29,785,231,7.87940090383408
"862",862,"O’Higgins",2020-06-01,28,813,28,813,225,1.0487074645375
"863",863,"O’Higgins",2020-06-02,30,843,30,843,189,1.59537018541969
"864",864,"Tarapacá",2020-04-06,1,21,1,21,13,6.88117849674338
"865",865,"Tarapacá",2020-04-07,2,23,2,23,13,2.73707810245167
"866",866,"Tarapacá",2020-04-08,3,26,3,26,16,4.5344980958296
"867",867,"Tarapacá",2020-04-09,3,29,3,29,17,3.98428143957173
"868",868,"Tarapacá",2020-04-10,6,35,6,35,22,7.73781274053436
"869",869,"Tarapacá",2020-04-11,3,38,3,38,21,2.3699129005423
"870",870,"Tarapacá",2020-04-12,8,46,8,46,26,7.66906638492132
"871",871,"Tarapacá",2020-04-13,6,52,6,52,31,6.26314320698067
"872",872,"Tarapacá",2020-04-14,10,62,10,62,39,4.23100350291562
"873",873,"Tarapacá",2020-04-15,0,62,0,62,36,4.03845632458369
"874",874,"Tarapacá",2020-04-16,4,66,4,66,37,4.57562195795229
"875",875,"Tarapacá",2020-04-17,7,73,7,73,38,3.14672564902503
"876",876,"Tarapacá",2020-04-18,8,81,8,81,43,4.42833149873469
"877",877,"Tarapacá",2020-04-19,9,90,9,90,44,2.65917320704808
"878",878,"Tarapacá",2020-04-20,3,93,3,93,41,6.64854601056425
"879",879,"Tarapacá",2020-04-21,11,104,11,104,42,9.06782831850161
"880",880,"Tarapacá",2020-04-22,10,114,10,114,52,8.13369185060991
"881",881,"Tarapacá",2020-04-23,14,128,14,128,62,5.58726354562864
"882",882,"Tarapacá",2020-04-24,6,134,6,134,61,3.15585516725866
"883",883,"Tarapacá",2020-04-25,9,143,9,143,62,4.14698787711199
"884",884,"Tarapacá",2020-04-26,13,156,13,156,66,2.16116350703747
"885",885,"Tarapacá",2020-04-27,8,164,8,164,71,6.29698083721382
"886",886,"Tarapacá",2020-04-28,5,169,5,169,65,3.92025689160936
"887",887,"Tarapacá",2020-04-29,14,183,14,183,69,6.3892417585686
"888",888,"Tarapacá",2020-04-30,15,198,15,198,70,4.7570569109731
"889",889,"Tarapacá",2020-05-01,2,200,2,200,66,5.21537733335647
"890",890,"Tarapacá",2020-05-02,12,212,12,212,69,5.02631170324913
"891",891,"Tarapacá",2020-05-03,60,272,60,272,116,-0.779636863455131
"892",892,"Tarapacá",2020-05-04,23,295,23,295,131,5.83342744434711
"893",893,"Tarapacá",2020-05-05,27,322,27,322,153,2.78825434266434
"894",894,"Tarapacá",2020-05-06,17,339,17,339,156,7.39028716684578
"895",895,"Tarapacá",2020-05-07,78,417,78,417,219,1.49991953850779
"896",896,"Tarapacá",2020-05-08,42,459,42,459,259,3.92293515530098
"897",897,"Tarapacá",2020-05-09,26,485,26,485,273,5.63322592899214
"898",898,"Tarapacá",2020-05-10,35,520,35,520,248,1.93941117212164
"899",899,"Tarapacá",2020-05-11,27,547,27,547,252,-0.348467429259669
"900",900,"Tarapacá",2020-05-12,31,578,31,578,256,1.88330777441105
"901",901,"Tarapacá",2020-05-13,37,615,37,615,276,4.10028168699747
"902",902,"Tarapacá",2020-05-14,67,682,67,682,265,5.34675100453087
"903",903,"Tarapacá",2020-05-15,97,779,97,779,320,6.55359008895644
"904",904,"Tarapacá",2020-05-16,66,845,66,845,360,6.26108709542818
"905",905,"Tarapacá",2020-05-17,130,975,130,975,455,5.3254830912187
"906",906,"Tarapacá",2020-05-18,81,1056,81,1056,509,-1.6186300946772
"907",907,"Tarapacá",2020-05-19,53,1109,53,1109,531,6.88708819516405
"908",908,"Tarapacá",2020-05-20,30,1139,30,1139,524,4.25609327567485
"909",909,"Tarapacá",2020-05-21,107,1246,107,1246,564,6.51231310002114
"910",910,"Tarapacá",2020-05-22,147,1393,147,1393,614,1.5761223489907
"911",911,"Tarapacá",2020-05-23,78,1471,78,1471,626,6.38521439861655
"912",912,"Tarapacá",2020-05-24,93,1564,93,1564,589,5.93385556574655
"913",913,"Tarapacá",2020-05-25,66,1630,66,1630,574,4.24740894664519
"914",914,"Tarapacá",2020-05-26,107,1737,107,1737,628,4.39751725436715
"915",915,"Tarapacá",2020-05-27,74,1811,74,1811,672,3.70768305933181
"916",916,"Tarapacá",2020-05-28,146,1957,146,1957,711,8.42824549446202
"917",917,"Tarapacá",2020-05-29,136,2093,136,2093,700,5.61146384588899
"918",918,"Tarapacá",2020-05-30,157,2250,157,2250,779,2.64643825924455
"919",919,"Tarapacá",2020-05-31,111,2361,111,2361,797,5.56117402689546
"920",920,"Tarapacá",2020-06-01,165,2526,165,2526,896,5.15831999491808
"921",921,"Tarapacá",2020-06-02,68,2594,68,2594,857,6.19284135750903
"922",922,"Valparaíso",2020-03-27,5,49,5,49,44,3.65495356013907
"923",923,"Valparaíso",2020-03-28,22,71,22,71,58,2.98253785942003
"924",924,"Valparaíso",2020-03-29,9,80,9,80,64,4.62158189366801
"925",925,"Valparaíso",2020-03-30,28,108,28,108,89,4.84565497842478
"926",926,"Valparaíso",2020-03-31,7,115,7,115,90,6.43897102169142
"927",927,"Valparaíso",2020-04-01,21,136,21,136,104,4.12486910508982
"928",928,"Valparaíso",2020-04-02,20,156,20,156,112,6.83174643805047
"929",929,"Valparaíso",2020-04-03,20,176,20,176,127,5.32427561552805
"930",930,"Valparaíso",2020-04-04,9,185,9,185,114,3.077542124666
"931",931,"Valparaíso",2020-04-05,6,191,6,191,111,5.36299993537222
"932",932,"Valparaíso",2020-04-06,7,198,7,198,90,6.5201188160983
"933",933,"Valparaíso",2020-04-07,16,214,16,214,99,8.64332766748117
"934",934,"Valparaíso",2020-04-08,11,225,11,225,89,4.13632840696195
"935",935,"Valparaíso",2020-04-09,5,230,5,230,74,5.08195645077163
"936",936,"Valparaíso",2020-04-10,11,241,11,241,65,4.19549284527439
"937",937,"Valparaíso",2020-04-11,7,248,7,248,63,8.33690582429586
"938",938,"Valparaíso",2020-04-12,6,254,6,254,63,4.26631442272695
"939",939,"Valparaíso",2020-04-13,19,273,19,273,75,2.87253814127361
"940",940,"Valparaíso",2020-04-14,12,285,12,285,71,6.89452113174649
"941",941,"Valparaíso",2020-04-15,14,299,14,299,74,5.71976986045741
"942",942,"Valparaíso",2020-04-16,31,330,31,330,100,5.45212900443972
"943",943,"Valparaíso",2020-04-17,15,345,15,345,104,2.14645834182425
"944",944,"Valparaíso",2020-04-18,14,359,14,359,111,9.0126888796637
"945",945,"Valparaíso",2020-04-19,22,381,22,381,127,3.01630494694082
"946",946,"Valparaíso",2020-04-20,7,388,7,388,115,4.27602435287251
"947",947,"Valparaíso",2020-04-21,15,403,15,403,118,7.34896447763093
"948",948,"Valparaíso",2020-04-22,18,421,18,421,122,2.91724295338504
"949",949,"Valparaíso",2020-04-23,8,429,8,429,99,3.97618599715477
"950",950,"Valparaíso",2020-04-24,7,436,7,436,91,4.63943037628918
"951",951,"Valparaíso",2020-04-25,18,454,18,454,95,6.22612802903104
"952",952,"Valparaíso",2020-04-26,6,460,6,460,79,6.24951425586976
"953",953,"Valparaíso",2020-04-27,25,485,25,485,97,4.73708801810587
"954",954,"Valparaíso",2020-04-28,8,493,8,493,90,1.93324767236924
"955",955,"Valparaíso",2020-04-29,33,526,33,526,105,5.08332513141684
"956",956,"Valparaíso",2020-04-30,33,559,33,559,130,2.32732969577055
"957",957,"Valparaíso",2020-05-01,9,568,9,568,132,2.31864647105332
"958",958,"Valparaíso",2020-05-02,46,614,46,614,160,11.4966306918533
"959",959,"Valparaíso",2020-05-03,24,638,24,638,178,3.33896078361099
"960",960,"Valparaíso",2020-05-04,18,656,18,656,171,3.11345351843323
"961",961,"Valparaíso",2020-05-05,31,687,31,687,194,4.6774267207443
"962",962,"Valparaíso",2020-05-06,29,716,29,716,190,3.42745481548312
"963",963,"Valparaíso",2020-05-07,65,781,65,781,222,1.6037579158174
"964",964,"Valparaíso",2020-05-08,47,828,47,828,260,2.81742973960337
"965",965,"Valparaíso",2020-05-09,50,878,50,878,264,1.59098560856125
"966",966,"Valparaíso",2020-05-10,55,933,55,933,295,9.54255539386997
"967",967,"Valparaíso",2020-05-11,37,970,37,970,314,3.56339755358345
"968",968,"Valparaíso",2020-05-12,59,1029,59,1029,342,7.89492742263899
"969",969,"Valparaíso",2020-05-13,94,1123,94,1123,407,4.40425999805528
"970",970,"Valparaíso",2020-05-14,90,1213,90,1213,432,7.50115133592565
"971",971,"Valparaíso",2020-05-15,99,1312,99,1312,484,5.33584613930654
"972",972,"Valparaíso",2020-05-16,53,1365,53,1365,487,3.12517304003406
"973",973,"Valparaíso",2020-05-17,109,1474,109,1474,541,4.65456745532963
"974",974,"Valparaíso",2020-05-18,79,1553,79,1553,583,7.60367670896315
"975",975,"Valparaíso",2020-05-19,86,1639,86,1639,610,6.11833222131969
"976",976,"Valparaíso",2020-05-20,131,1770,131,1770,647,3.14535492202338
"977",977,"Valparaíso",2020-05-21,117,1887,117,1887,674,2.60704111929359
"978",978,"Valparaíso",2020-05-22,133,2020,133,2020,708,2.30597678054348
"979",979,"Valparaíso",2020-05-23,96,2116,96,2116,751,7.27367279000083
"980",980,"Valparaíso",2020-05-24,114,2230,114,2230,756,1.93314173008443
"981",981,"Valparaíso",2020-05-25,75,2305,75,2305,752,3.59543597999675
"982",982,"Valparaíso",2020-05-26,150,2455,150,2455,816,2.00515741756077
"983",983,"Valparaíso",2020-05-27,121,2576,121,2576,806,4.46632322492964
"984",984,"Valparaíso",2020-05-28,154,2730,154,2730,843,5.22943046495216
"985",985,"Valparaíso",2020-05-29,112,2842,112,2842,822,2.67876171625596
"986",986,"Valparaíso",2020-05-30,195,3037,195,3037,921,2.98228817195386
"987",987,"Valparaíso",2020-05-31,130,3167,130,3167,937,6.69512337318268
"988",988,"Valparaíso",2020-06-01,181,3348,181,3348,1043,1.88784471809417
"989",989,"Valparaíso",2020-06-02,247,3595,247,3595,1140,2.637398436737
