"","Region","Fecha","Total","Total.1","Casos_Nuevos","Casos_Acumulados","Casos_Nuevos_Semana"
"1","Antofagasta",2020-03-27,1,21,1,21,15
"2","Antofagasta",2020-03-28,4,25,4,25,15
"3","Antofagasta",2020-03-29,2,27,2,27,16
"4","Antofagasta",2020-03-30,8,35,8,35,24
"5","Antofagasta",2020-03-31,0,35,0,35,22
"6","Antofagasta",2020-04-01,4,39,4,39,20
"7","Antofagasta",2020-04-02,8,47,8,47,27
"8","Antofagasta",2020-04-03,7,54,7,54,33
"9","Antofagasta",2020-04-04,1,55,1,55,30
"10","Antofagasta",2020-04-05,5,60,5,60,33
"11","Antofagasta",2020-04-06,8,68,8,68,33
"12","Antofagasta",2020-04-07,1,69,1,69,34
"13","Antofagasta",2020-04-08,8,77,8,77,38
"14","Antofagasta",2020-04-09,15,92,15,92,45
"15","Antofagasta",2020-04-10,18,110,18,110,56
"16","Antofagasta",2020-04-11,7,117,7,117,62
"17","Antofagasta",2020-04-12,21,138,21,138,78
"18","Antofagasta",2020-04-13,11,149,11,149,81
"19","Antofagasta",2020-04-14,6,155,6,155,86
"20","Antofagasta",2020-04-15,21,176,21,176,99
"21","Antofagasta",2020-04-16,16,192,16,192,100
"22","Antofagasta",2020-04-17,19,211,19,211,101
"23","Antofagasta",2020-04-18,15,226,15,226,109
"24","Antofagasta",2020-04-19,23,249,23,249,111
"25","Antofagasta",2020-04-20,14,263,14,263,114
"26","Antofagasta",2020-04-21,28,291,28,291,136
"27","Antofagasta",2020-04-22,35,326,35,326,150
"28","Antofagasta",2020-04-23,14,340,14,340,148
"29","Antofagasta",2020-04-24,26,366,26,366,155
"30","Antofagasta",2020-04-25,25,391,25,391,165
"31","Antofagasta",2020-04-26,52,443,52,443,194
"32","Antofagasta",2020-04-27,14,457,14,457,194
"33","Antofagasta",2020-04-28,24,481,24,481,190
"34","Antofagasta",2020-04-29,33,514,33,514,188
"35","Antofagasta",2020-04-30,32,546,32,546,206
"36","Antofagasta",2020-05-01,43,589,43,589,223
"37","Antofagasta",2020-05-02,90,679,90,679,288
"38","Antofagasta",2020-05-03,61,740,61,740,297
"39","Antofagasta",2020-05-04,20,760,20,760,303
"40","Antofagasta",2020-05-05,51,811,51,811,330
"41","Antofagasta",2020-05-06,44,855,44,855,341
"42","Antofagasta",2020-05-07,40,895,40,895,349
"43","Antofagasta",2020-05-08,28,923,28,923,334
"44","Antofagasta",2020-05-09,24,947,24,947,268
"45","Antofagasta",2020-05-10,31,978,31,978,238
"46","Antofagasta",2020-05-11,36,1014,36,1014,254
"47","Antofagasta",2020-05-12,95,1109,95,1109,298
"48","Antofagasta",2020-05-13,107,1216,107,1216,361
"49","Antofagasta",2020-05-14,61,1277,61,1277,382
"50","Antofagasta",2020-05-15,54,1331,54,1331,408
"51","Antofagasta",2020-05-16,98,1429,98,1429,482
"52","Antofagasta",2020-05-17,76,1505,76,1505,527
"53","Antofagasta",2020-05-18,84,1589,84,1589,575
"54","Antofagasta",2020-05-19,59,1648,59,1648,539
"55","Antofagasta",2020-05-20,83,1731,83,1731,515
"56","Antofagasta",2020-05-21,47,1778,47,1778,501
"57","Antofagasta",2020-05-22,63,1841,63,1841,510
"58","Antofagasta",2020-05-23,56,1897,56,1897,468
"59","Antofagasta",2020-05-24,50,1947,50,1947,442
"60","Antofagasta",2020-05-25,68,2015,68,2015,426
"61","Antofagasta",2020-05-26,48,2063,48,2063,415
"62","Antofagasta",2020-05-27,74,2137,74,2137,406
"63","Antofagasta",2020-05-28,111,2248,111,2248,470
"64","Antofagasta",2020-05-29,70,2318,70,2318,477
"65","Antofagasta",2020-05-30,111,2429,111,2429,532
"66","Antofagasta",2020-05-31,81,2510,81,2510,563
"67","Antofagasta",2020-06-01,75,2585,75,2585,570
"68","Antofagasta",2020-06-02,64,2649,64,2649,586
"69","Araucanía",2020-03-27,32,143,32,143,134
"70","Araucanía",2020-03-28,34,177,34,177,162
"71","Araucanía",2020-03-29,28,205,28,205,178
"72","Araucanía",2020-03-30,42,247,42,247,207
"73","Araucanía",2020-03-31,55,302,55,302,243
"74","Araucanía",2020-04-01,41,343,41,343,269
"75","Araucanía",2020-04-02,46,389,46,389,278
"76","Araucanía",2020-04-03,43,432,43,432,289
"77","Araucanía",2020-04-04,45,477,45,477,300
"78","Araucanía",2020-04-05,32,509,32,509,304
"79","Araucanía",2020-04-06,53,562,53,562,315
"80","Araucanía",2020-04-07,50,612,50,612,310
"81","Araucanía",2020-04-08,57,669,57,669,326
"82","Araucanía",2020-04-09,20,689,20,689,300
"83","Araucanía",2020-04-10,23,712,23,712,280
"84","Araucanía",2020-04-11,27,739,27,739,262
"85","Araucanía",2020-04-12,36,775,36,775,266
"86","Araucanía",2020-04-13,20,795,20,795,233
"87","Araucanía",2020-04-14,21,816,21,816,204
"88","Araucanía",2020-04-15,10,826,10,826,157
"89","Araucanía",2020-04-16,56,882,56,882,193
"90","Araucanía",2020-04-17,25,907,25,907,195
"91","Araucanía",2020-04-18,37,944,37,944,205
"92","Araucanía",2020-04-19,28,972,28,972,197
"93","Araucanía",2020-04-20,73,1045,73,1045,250
"94","Araucanía",2020-04-21,47,1092,47,1092,276
"95","Araucanía",2020-04-22,21,1113,21,1113,287
"96","Araucanía",2020-04-23,29,1142,29,1142,260
"97","Araucanía",2020-04-24,42,1184,42,1184,277
"98","Araucanía",2020-04-25,19,1203,19,1203,259
"99","Araucanía",2020-04-26,13,1216,13,1216,244
"100","Araucanía",2020-04-27,20,1236,20,1236,191
"101","Araucanía",2020-04-28,15,1251,15,1251,159
"102","Araucanía",2020-04-29,22,1273,22,1273,160
"103","Araucanía",2020-04-30,20,1293,20,1293,151
"104","Araucanía",2020-05-01,2,1295,2,1295,111
"105","Araucanía",2020-05-02,19,1314,19,1314,111
"106","Araucanía",2020-05-03,14,1328,14,1328,112
"107","Araucanía",2020-05-04,3,1331,3,1331,95
"108","Araucanía",2020-05-05,21,1352,21,1352,101
"109","Araucanía",2020-05-06,10,1362,10,1362,89
"110","Araucanía",2020-05-07,23,1385,23,1385,92
"111","Araucanía",2020-05-08,18,1403,18,1403,108
"112","Araucanía",2020-05-09,15,1418,15,1418,104
"113","Araucanía",2020-05-10,36,1454,36,1454,126
"114","Araucanía",2020-05-11,12,1466,12,1466,135
"115","Araucanía",2020-05-12,16,1482,16,1482,130
"116","Araucanía",2020-05-13,13,1495,13,1495,133
"117","Araucanía",2020-05-14,41,1536,41,1536,151
"118","Araucanía",2020-05-15,28,1564,28,1564,161
"119","Araucanía",2020-05-16,23,1587,23,1587,169
"120","Araucanía",2020-05-17,19,1606,19,1606,152
"121","Araucanía",2020-05-18,33,1639,33,1639,173
"122","Araucanía",2020-05-19,27,1666,27,1666,184
"123","Araucanía",2020-05-20,14,1680,14,1680,185
"124","Araucanía",2020-05-21,35,1715,35,1715,179
"125","Araucanía",2020-05-22,22,1737,22,1737,173
"126","Araucanía",2020-05-23,37,1774,37,1774,187
"127","Araucanía",2020-05-24,34,1808,34,1808,202
"128","Araucanía",2020-05-25,49,1857,49,1857,218
"129","Araucanía",2020-05-26,26,1883,26,1883,217
"130","Araucanía",2020-05-27,33,1916,33,1916,236
"131","Araucanía",2020-05-28,38,1954,38,1954,239
"132","Araucanía",2020-05-29,35,1989,35,1989,252
"133","Araucanía",2020-05-30,71,2060,71,2060,286
"134","Araucanía",2020-05-31,11,2071,11,2071,263
"135","Araucanía",2020-06-01,40,2111,40,2111,254
"136","Araucanía",2020-06-02,30,2141,30,2141,258
"137","Arica y Parinacota",2020-04-09,12,75,12,75,68
"138","Arica y Parinacota",2020-04-10,12,87,12,87,75
"139","Arica y Parinacota",2020-04-11,20,107,20,107,95
"140","Arica y Parinacota",2020-04-12,8,115,8,115,87
"141","Arica y Parinacota",2020-04-13,0,115,0,115,74
"142","Arica y Parinacota",2020-04-14,5,120,5,120,67
"143","Arica y Parinacota",2020-04-15,4,124,4,124,61
"144","Arica y Parinacota",2020-04-16,5,129,5,129,54
"145","Arica y Parinacota",2020-04-17,5,134,5,134,47
"146","Arica y Parinacota",2020-04-18,8,142,8,142,35
"147","Arica y Parinacota",2020-04-19,3,145,3,145,30
"148","Arica y Parinacota",2020-04-20,16,161,16,161,46
"149","Arica y Parinacota",2020-04-21,9,170,9,170,50
"150","Arica y Parinacota",2020-04-22,10,180,10,180,56
"151","Arica y Parinacota",2020-04-23,30,210,30,210,81
"152","Arica y Parinacota",2020-04-24,29,239,29,239,105
"153","Arica y Parinacota",2020-04-25,6,245,6,245,103
"154","Arica y Parinacota",2020-04-26,7,252,7,252,107
"155","Arica y Parinacota",2020-04-27,13,265,13,265,104
"156","Arica y Parinacota",2020-04-28,3,268,3,268,98
"157","Arica y Parinacota",2020-04-29,4,272,4,272,92
"158","Arica y Parinacota",2020-04-30,7,279,7,279,69
"159","Arica y Parinacota",2020-05-01,18,297,18,297,58
"160","Arica y Parinacota",2020-05-02,10,307,10,307,62
"161","Arica y Parinacota",2020-05-03,1,308,1,308,56
"162","Arica y Parinacota",2020-05-04,0,308,0,308,43
"163","Arica y Parinacota",2020-05-05,7,315,7,315,47
"164","Arica y Parinacota",2020-05-06,3,318,3,318,46
"165","Arica y Parinacota",2020-05-07,7,325,7,325,46
"166","Arica y Parinacota",2020-05-08,2,327,2,327,30
"167","Arica y Parinacota",2020-05-09,10,337,10,337,30
"168","Arica y Parinacota",2020-05-10,3,340,3,340,32
"169","Arica y Parinacota",2020-05-11,11,351,11,351,43
"170","Arica y Parinacota",2020-05-12,0,351,0,351,36
"171","Arica y Parinacota",2020-05-13,8,359,8,359,41
"172","Arica y Parinacota",2020-05-14,4,363,4,363,38
"173","Arica y Parinacota",2020-05-15,5,368,5,368,41
"174","Arica y Parinacota",2020-05-16,9,377,9,377,40
"175","Arica y Parinacota",2020-05-17,1,378,1,378,38
"176","Arica y Parinacota",2020-05-18,20,398,20,398,47
"177","Arica y Parinacota",2020-05-19,24,422,24,422,71
"178","Arica y Parinacota",2020-05-20,2,424,2,424,65
"179","Arica y Parinacota",2020-05-21,29,453,29,453,90
"180","Arica y Parinacota",2020-05-22,18,471,18,471,103
"181","Arica y Parinacota",2020-05-23,11,482,11,482,105
"182","Arica y Parinacota",2020-05-24,16,498,16,498,120
"183","Arica y Parinacota",2020-05-25,15,513,15,513,115
"184","Arica y Parinacota",2020-05-26,9,522,9,522,100
"185","Arica y Parinacota",2020-05-27,19,541,19,541,117
"186","Arica y Parinacota",2020-05-28,21,562,21,562,109
"187","Arica y Parinacota",2020-05-29,20,582,20,582,111
"188","Arica y Parinacota",2020-05-30,6,588,6,588,106
"189","Arica y Parinacota",2020-05-31,31,619,31,619,121
"190","Arica y Parinacota",2020-06-01,17,636,17,636,123
"191","Arica y Parinacota",2020-06-02,18,654,18,654,132
"192","Atacama",2020-04-15,0,13,0,13,5
"193","Atacama",2020-04-16,0,13,0,13,3
"194","Atacama",2020-04-17,0,13,0,13,0
"195","Atacama",2020-04-18,0,13,0,13,0
"196","Atacama",2020-04-19,0,13,0,13,0
"197","Atacama",2020-04-20,0,13,0,13,0
"198","Atacama",2020-04-21,0,13,0,13,0
"199","Atacama",2020-04-22,0,13,0,13,0
"200","Atacama",2020-04-23,5,18,5,18,5
"201","Atacama",2020-04-24,3,21,3,21,8
"202","Atacama",2020-04-25,3,24,3,24,11
"203","Atacama",2020-04-26,5,29,5,29,16
"204","Atacama",2020-04-27,6,35,6,35,22
"205","Atacama",2020-04-28,0,35,0,35,22
"206","Atacama",2020-04-29,7,42,7,42,29
"207","Atacama",2020-04-30,1,43,1,43,25
"208","Atacama",2020-05-01,0,43,0,43,22
"209","Atacama",2020-05-02,16,59,16,59,35
"210","Atacama",2020-05-03,8,67,8,67,38
"211","Atacama",2020-05-04,3,70,3,70,35
"212","Atacama",2020-05-05,8,78,8,78,43
"213","Atacama",2020-05-06,2,80,2,80,38
"214","Atacama",2020-05-07,7,87,7,87,44
"215","Atacama",2020-05-08,1,88,1,88,45
"216","Atacama",2020-05-09,29,117,29,117,58
"217","Atacama",2020-05-10,7,124,7,124,57
"218","Atacama",2020-05-11,9,133,9,133,63
"219","Atacama",2020-05-12,1,134,1,134,56
"220","Atacama",2020-05-13,5,139,5,139,59
"221","Atacama",2020-05-14,1,140,1,140,53
"222","Atacama",2020-05-15,3,143,3,143,55
"223","Atacama",2020-05-16,3,146,3,146,29
"224","Atacama",2020-05-17,3,149,3,149,25
"225","Atacama",2020-05-18,8,157,8,157,24
"226","Atacama",2020-05-19,1,158,1,158,24
"227","Atacama",2020-05-20,5,163,5,163,24
"228","Atacama",2020-05-21,5,168,5,168,28
"229","Atacama",2020-05-22,7,175,7,175,32
"230","Atacama",2020-05-23,7,182,7,182,36
"231","Atacama",2020-05-24,0,182,0,182,33
"232","Atacama",2020-05-25,3,185,3,185,28
"233","Atacama",2020-05-26,3,188,3,188,30
"234","Atacama",2020-05-27,9,197,9,197,34
"235","Atacama",2020-05-28,5,202,5,202,34
"236","Atacama",2020-05-29,5,207,5,207,32
"237","Atacama",2020-05-30,8,215,8,215,33
"238","Atacama",2020-05-31,3,218,3,218,36
"239","Atacama",2020-06-01,14,232,14,232,47
"240","Atacama",2020-06-02,4,236,4,236,48
"241","Aysén",2020-05-31,1,17,1,17,9
"242","Aysén",2020-06-01,0,17,0,17,7
"243","Aysén",2020-06-02,1,18,1,18,6
"244","Biobío",2020-03-25,22,95,22,95,88
"245","Biobío",2020-03-26,14,109,14,109,95
"246","Biobío",2020-03-27,26,135,26,135,116
"247","Biobío",2020-03-28,16,151,16,151,121
"248","Biobío",2020-03-29,34,185,34,185,150
"249","Biobío",2020-03-30,16,201,16,201,155
"250","Biobío",2020-03-31,15,216,15,216,143
"251","Biobío",2020-04-01,24,240,24,240,145
"252","Biobío",2020-04-02,35,275,35,275,166
"253","Biobío",2020-04-03,27,302,27,302,167
"254","Biobío",2020-04-04,45,347,45,347,196
"255","Biobío",2020-04-05,18,365,18,365,180
"256","Biobío",2020-04-06,18,383,18,383,182
"257","Biobío",2020-04-07,27,410,27,410,194
"258","Biobío",2020-04-08,29,439,29,439,199
"259","Biobío",2020-04-09,21,460,21,460,185
"260","Biobío",2020-04-10,14,474,14,474,172
"261","Biobío",2020-04-11,16,490,16,490,143
"262","Biobío",2020-04-12,10,500,10,500,135
"263","Biobío",2020-04-13,12,512,12,512,129
"264","Biobío",2020-04-14,16,528,16,528,118
"265","Biobío",2020-04-15,14,542,14,542,103
"266","Biobío",2020-04-16,17,559,17,559,99
"267","Biobío",2020-04-17,19,578,19,578,104
"268","Biobío",2020-04-18,28,606,28,606,116
"269","Biobío",2020-04-19,10,616,10,616,116
"270","Biobío",2020-04-20,10,626,10,626,114
"271","Biobío",2020-04-21,10,636,10,636,108
"272","Biobío",2020-04-22,22,658,22,658,116
"273","Biobío",2020-04-23,17,675,17,675,116
"274","Biobío",2020-04-24,8,683,8,683,105
"275","Biobío",2020-04-25,13,696,13,696,90
"276","Biobío",2020-04-26,7,703,7,703,87
"277","Biobío",2020-04-27,3,706,3,706,80
"278","Biobío",2020-04-28,3,709,3,709,73
"279","Biobío",2020-04-29,10,719,10,719,61
"280","Biobío",2020-04-30,8,727,8,727,52
"281","Biobío",2020-05-01,2,729,2,729,46
"282","Biobío",2020-05-02,22,751,22,751,55
"283","Biobío",2020-05-03,8,759,8,759,56
"284","Biobío",2020-05-04,3,762,3,762,56
"285","Biobío",2020-05-05,12,774,12,774,65
"286","Biobío",2020-05-06,15,789,15,789,70
"287","Biobío",2020-05-07,25,814,25,814,87
"288","Biobío",2020-05-08,28,842,28,842,113
"289","Biobío",2020-05-09,40,882,40,882,131
"290","Biobío",2020-05-10,17,899,17,899,140
"291","Biobío",2020-05-11,33,932,33,932,170
"292","Biobío",2020-05-12,10,942,10,942,168
"293","Biobío",2020-05-13,33,975,33,975,186
"294","Biobío",2020-05-14,20,995,20,995,181
"295","Biobío",2020-05-15,41,1036,41,1036,194
"296","Biobío",2020-05-16,38,1074,38,1074,192
"297","Biobío",2020-05-17,25,1099,25,1099,200
"298","Biobío",2020-05-18,45,1144,45,1144,212
"299","Biobío",2020-05-19,28,1172,28,1172,230
"300","Biobío",2020-05-20,52,1224,52,1224,249
"301","Biobío",2020-05-21,39,1263,39,1263,268
"302","Biobío",2020-05-22,48,1311,48,1311,275
"303","Biobío",2020-05-23,43,1354,43,1354,280
"304","Biobío",2020-05-24,60,1414,60,1414,315
"305","Biobío",2020-05-25,44,1458,44,1458,314
"306","Biobío",2020-05-26,44,1502,44,1502,330
"307","Biobío",2020-05-27,63,1565,63,1565,341
"308","Biobío",2020-05-28,112,1677,112,1677,414
"309","Biobío",2020-05-29,101,1778,101,1778,467
"310","Biobío",2020-05-30,110,1888,110,1888,534
"311","Biobío",2020-05-31,91,1979,91,1979,565
"312","Biobío",2020-06-01,91,2070,91,2070,612
"313","Biobío",2020-06-02,12,2082,12,2082,580
"314","Coquimbo",2020-03-30,9,27,9,27,21
"315","Coquimbo",2020-03-31,1,28,1,28,17
"316","Coquimbo",2020-04-01,2,30,2,30,18
"317","Coquimbo",2020-04-02,4,34,4,34,21
"318","Coquimbo",2020-04-03,1,35,1,35,21
"319","Coquimbo",2020-04-04,9,44,9,44,29
"320","Coquimbo",2020-04-05,6,50,6,50,32
"321","Coquimbo",2020-04-06,1,51,1,51,24
"322","Coquimbo",2020-04-07,1,52,1,52,24
"323","Coquimbo",2020-04-08,4,56,4,56,26
"324","Coquimbo",2020-04-09,5,61,5,61,27
"325","Coquimbo",2020-04-10,0,61,0,61,26
"326","Coquimbo",2020-04-11,3,64,3,64,20
"327","Coquimbo",2020-04-12,2,66,2,66,16
"328","Coquimbo",2020-04-13,0,66,0,66,15
"329","Coquimbo",2020-04-14,0,66,0,66,14
"330","Coquimbo",2020-04-15,0,66,0,66,10
"331","Coquimbo",2020-04-16,2,68,2,68,7
"332","Coquimbo",2020-04-17,0,68,0,68,7
"333","Coquimbo",2020-04-18,0,68,0,68,4
"334","Coquimbo",2020-04-19,0,68,0,68,2
"335","Coquimbo",2020-04-20,1,69,1,69,3
"336","Coquimbo",2020-04-21,0,69,0,69,3
"337","Coquimbo",2020-04-22,1,70,1,70,4
"338","Coquimbo",2020-04-23,0,70,0,70,2
"339","Coquimbo",2020-04-24,2,72,2,72,4
"340","Coquimbo",2020-04-25,1,73,1,73,5
"341","Coquimbo",2020-04-26,0,73,0,73,5
"342","Coquimbo",2020-04-27,1,74,1,74,5
"343","Coquimbo",2020-04-28,0,74,0,74,5
"344","Coquimbo",2020-04-29,2,76,2,76,6
"345","Coquimbo",2020-04-30,0,76,0,76,6
"346","Coquimbo",2020-05-01,1,77,1,77,5
"347","Coquimbo",2020-05-02,1,78,1,78,5
"348","Coquimbo",2020-05-03,10,88,10,88,15
"349","Coquimbo",2020-05-04,3,91,3,91,17
"350","Coquimbo",2020-05-05,6,97,6,97,23
"351","Coquimbo",2020-05-06,0,97,0,97,21
"352","Coquimbo",2020-05-07,3,100,3,100,24
"353","Coquimbo",2020-05-08,11,111,11,111,34
"354","Coquimbo",2020-05-09,18,129,18,129,51
"355","Coquimbo",2020-05-10,6,135,6,135,47
"356","Coquimbo",2020-05-11,5,140,5,140,49
"357","Coquimbo",2020-05-12,8,148,8,148,51
"358","Coquimbo",2020-05-13,5,153,5,153,56
"359","Coquimbo",2020-05-14,12,165,12,165,65
"360","Coquimbo",2020-05-15,15,180,15,180,69
"361","Coquimbo",2020-05-16,7,187,7,187,58
"362","Coquimbo",2020-05-17,7,194,7,194,59
"363","Coquimbo",2020-05-18,18,212,18,212,72
"364","Coquimbo",2020-05-19,27,239,27,239,91
"365","Coquimbo",2020-05-20,24,263,24,263,110
"366","Coquimbo",2020-05-21,5,268,5,268,103
"367","Coquimbo",2020-05-22,13,281,13,281,101
"368","Coquimbo",2020-05-23,13,294,13,294,107
"369","Coquimbo",2020-05-24,29,323,29,323,129
"370","Coquimbo",2020-05-25,15,338,15,338,126
"371","Coquimbo",2020-05-26,46,384,46,384,145
"372","Coquimbo",2020-05-27,71,455,71,455,192
"373","Coquimbo",2020-05-28,27,482,27,482,214
"374","Coquimbo",2020-05-29,55,537,55,537,256
"375","Coquimbo",2020-05-30,60,597,60,597,303
"376","Coquimbo",2020-05-31,31,628,31,628,305
"377","Coquimbo",2020-06-01,40,668,40,668,330
"378","Coquimbo",2020-06-02,19,687,19,687,303
"379","Los Lagos",2020-03-25,8,44,8,44,36
"380","Los Lagos",2020-03-26,16,60,16,60,44
"381","Los Lagos",2020-03-27,3,63,3,63,45
"382","Los Lagos",2020-03-28,30,93,30,93,73
"383","Los Lagos",2020-03-29,11,104,11,104,81
"384","Los Lagos",2020-03-30,24,128,24,128,95
"385","Los Lagos",2020-03-31,23,151,23,151,115
"386","Los Lagos",2020-04-01,30,181,30,181,137
"387","Los Lagos",2020-04-02,22,203,22,203,143
"388","Los Lagos",2020-04-03,31,234,31,234,171
"389","Los Lagos",2020-04-04,25,259,25,259,166
"390","Los Lagos",2020-04-05,17,276,17,276,172
"391","Los Lagos",2020-04-06,10,286,10,286,158
"392","Los Lagos",2020-04-07,13,299,13,299,148
"393","Los Lagos",2020-04-08,26,325,26,325,144
"394","Los Lagos",2020-04-09,15,340,15,340,137
"395","Los Lagos",2020-04-10,9,349,9,349,115
"396","Los Lagos",2020-04-11,15,364,15,364,105
"397","Los Lagos",2020-04-12,8,372,8,372,96
"398","Los Lagos",2020-04-13,8,380,8,380,94
"399","Los Lagos",2020-04-14,5,385,5,385,86
"400","Los Lagos",2020-04-15,5,390,5,390,65
"401","Los Lagos",2020-04-16,9,399,9,399,59
"402","Los Lagos",2020-04-17,13,412,13,412,63
"403","Los Lagos",2020-04-18,4,416,4,416,52
"404","Los Lagos",2020-04-19,5,421,5,421,49
"405","Los Lagos",2020-04-20,3,424,3,424,44
"406","Los Lagos",2020-04-21,8,432,8,432,47
"407","Los Lagos",2020-04-22,13,445,13,445,55
"408","Los Lagos",2020-04-23,9,454,9,454,55
"409","Los Lagos",2020-04-24,6,460,6,460,48
"410","Los Lagos",2020-04-25,5,465,5,465,49
"411","Los Lagos",2020-04-26,8,473,8,473,52
"412","Los Lagos",2020-04-27,4,477,4,477,53
"413","Los Lagos",2020-04-28,0,477,0,477,45
"414","Los Lagos",2020-04-29,4,481,4,481,36
"415","Los Lagos",2020-04-30,6,487,6,487,33
"416","Los Lagos",2020-05-01,14,501,14,501,41
"417","Los Lagos",2020-05-02,12,513,12,513,48
"418","Los Lagos",2020-05-03,4,517,4,517,44
"419","Los Lagos",2020-05-04,7,524,7,524,47
"420","Los Lagos",2020-05-05,1,525,1,525,48
"421","Los Lagos",2020-05-06,16,541,16,541,60
"422","Los Lagos",2020-05-07,4,545,4,545,58
"423","Los Lagos",2020-05-08,3,548,3,548,47
"424","Los Lagos",2020-05-09,11,559,11,559,46
"425","Los Lagos",2020-05-10,16,575,16,575,58
"426","Los Lagos",2020-05-11,17,592,17,592,68
"427","Los Lagos",2020-05-12,2,594,2,594,69
"428","Los Lagos",2020-05-13,34,628,34,628,87
"429","Los Lagos",2020-05-14,5,633,5,633,88
"430","Los Lagos",2020-05-15,8,641,8,641,93
"431","Los Lagos",2020-05-16,3,644,3,644,85
"432","Los Lagos",2020-05-17,3,647,3,647,72
"433","Los Lagos",2020-05-18,5,652,5,652,60
"434","Los Lagos",2020-05-19,4,656,4,656,62
"435","Los Lagos",2020-05-20,10,666,10,666,38
"436","Los Lagos",2020-05-21,27,693,27,693,60
"437","Los Lagos",2020-05-22,24,717,24,717,76
"438","Los Lagos",2020-05-23,10,727,10,727,83
"439","Los Lagos",2020-05-24,9,736,9,736,89
"440","Los Lagos",2020-05-25,27,763,27,763,111
"441","Los Lagos",2020-05-26,18,781,18,781,125
"442","Los Lagos",2020-05-27,10,791,10,791,125
"443","Los Lagos",2020-05-28,23,814,23,814,121
"444","Los Lagos",2020-05-29,8,822,8,822,105
"445","Los Lagos",2020-05-30,38,860,38,860,133
"446","Los Lagos",2020-05-31,3,863,3,863,127
"447","Los Lagos",2020-06-01,0,863,0,863,100
"448","Los Lagos",2020-06-02,31,894,31,894,113
"449","Los Ríos",2020-03-31,11,58,11,58,52
"450","Los Ríos",2020-04-01,6,64,6,64,53
"451","Los Ríos",2020-04-02,4,68,4,68,54
"452","Los Ríos",2020-04-03,10,78,10,78,56
"453","Los Ríos",2020-04-04,11,89,11,89,62
"454","Los Ríos",2020-04-05,10,99,10,99,59
"455","Los Ríos",2020-04-06,5,104,5,104,57
"456","Los Ríos",2020-04-07,5,109,5,109,51
"457","Los Ríos",2020-04-08,5,114,5,114,50
"458","Los Ríos",2020-04-09,4,118,4,118,50
"459","Los Ríos",2020-04-10,6,124,6,124,46
"460","Los Ríos",2020-04-11,6,130,6,130,41
"461","Los Ríos",2020-04-12,5,135,5,135,36
"462","Los Ríos",2020-04-13,3,138,3,138,34
"463","Los Ríos",2020-04-14,10,148,10,148,39
"464","Los Ríos",2020-04-15,2,150,2,150,36
"465","Los Ríos",2020-04-16,3,153,3,153,35
"466","Los Ríos",2020-04-17,1,154,1,154,30
"467","Los Ríos",2020-04-18,2,156,2,156,26
"468","Los Ríos",2020-04-19,1,157,1,157,22
"469","Los Ríos",2020-04-20,5,162,5,162,24
"470","Los Ríos",2020-04-21,5,167,5,167,19
"471","Los Ríos",2020-04-22,4,171,4,171,21
"472","Los Ríos",2020-04-23,2,173,2,173,20
"473","Los Ríos",2020-04-24,1,174,1,174,20
"474","Los Ríos",2020-04-25,3,177,3,177,21
"475","Los Ríos",2020-04-26,1,178,1,178,21
"476","Los Ríos",2020-04-27,2,180,2,180,18
"477","Los Ríos",2020-04-28,0,180,0,180,13
"478","Los Ríos",2020-04-29,2,182,2,182,11
"479","Los Ríos",2020-04-30,7,189,7,189,16
"480","Los Ríos",2020-05-01,0,189,0,189,15
"481","Los Ríos",2020-05-02,7,196,7,196,19
"482","Los Ríos",2020-05-03,2,198,2,198,20
"483","Los Ríos",2020-05-04,1,199,1,199,19
"484","Los Ríos",2020-05-05,0,199,0,199,19
"485","Los Ríos",2020-05-06,1,200,1,200,18
"486","Los Ríos",2020-05-07,2,202,2,202,13
"487","Los Ríos",2020-05-08,1,203,1,203,14
"488","Los Ríos",2020-05-09,3,206,3,206,10
"489","Los Ríos",2020-05-10,0,206,0,206,8
"490","Los Ríos",2020-05-11,2,208,2,208,9
"491","Los Ríos",2020-05-12,3,211,3,211,12
"492","Los Ríos",2020-05-13,1,212,1,212,12
"493","Los Ríos",2020-05-14,2,214,2,214,12
"494","Los Ríos",2020-05-15,5,219,5,219,16
"495","Los Ríos",2020-05-16,0,219,0,219,13
"496","Los Ríos",2020-05-17,1,220,1,220,14
"497","Los Ríos",2020-05-18,4,224,4,224,16
"498","Los Ríos",2020-05-19,5,229,5,229,18
"499","Los Ríos",2020-05-20,18,247,18,247,35
"500","Los Ríos",2020-05-21,11,258,11,258,44
"501","Los Ríos",2020-05-22,4,262,4,262,43
"502","Los Ríos",2020-05-23,12,274,12,274,55
"503","Los Ríos",2020-05-24,16,290,16,290,70
"504","Los Ríos",2020-05-25,7,297,7,297,73
"505","Los Ríos",2020-05-26,7,304,7,304,75
"506","Los Ríos",2020-05-27,5,309,5,309,62
"507","Los Ríos",2020-05-28,9,318,9,318,60
"508","Los Ríos",2020-05-29,12,330,12,330,68
"509","Los Ríos",2020-05-30,15,345,15,345,71
"510","Los Ríos",2020-05-31,11,356,11,356,66
"511","Los Ríos",2020-06-01,7,363,7,363,66
"512","Los Ríos",2020-06-02,5,368,5,368,64
"513","Magallanes",2020-03-31,24,63,24,63,55
"514","Magallanes",2020-04-01,36,99,36,99,86
"515","Magallanes",2020-04-02,15,114,15,114,95
"516","Magallanes",2020-04-03,42,156,42,156,134
"517","Magallanes",2020-04-04,16,172,16,172,146
"518","Magallanes",2020-04-05,18,190,18,190,151
"519","Magallanes",2020-04-06,31,221,31,221,182
"520","Magallanes",2020-04-07,19,240,19,240,177
"521","Magallanes",2020-04-08,26,266,26,266,167
"522","Magallanes",2020-04-09,20,286,20,286,172
"523","Magallanes",2020-04-10,45,331,45,331,175
"524","Magallanes",2020-04-11,46,377,46,377,205
"525","Magallanes",2020-04-12,19,396,19,396,206
"526","Magallanes",2020-04-13,19,415,19,415,194
"527","Magallanes",2020-04-14,14,429,14,429,189
"528","Magallanes",2020-04-15,15,444,15,444,178
"529","Magallanes",2020-04-16,23,467,23,467,181
"530","Magallanes",2020-04-17,34,501,34,501,170
"531","Magallanes",2020-04-18,21,522,21,522,145
"532","Magallanes",2020-04-19,31,553,31,553,157
"533","Magallanes",2020-04-20,13,566,13,566,151
"534","Magallanes",2020-04-21,27,593,27,593,164
"535","Magallanes",2020-04-22,12,605,12,605,161
"536","Magallanes",2020-04-23,10,615,10,615,148
"537","Magallanes",2020-04-24,9,624,9,624,123
"538","Magallanes",2020-04-25,31,655,31,655,133
"539","Magallanes",2020-04-26,13,668,13,668,115
"540","Magallanes",2020-04-27,3,671,3,671,105
"541","Magallanes",2020-04-28,22,693,22,693,100
"542","Magallanes",2020-04-29,21,714,21,714,109
"543","Magallanes",2020-04-30,11,725,11,725,110
"544","Magallanes",2020-05-01,1,726,1,726,102
"545","Magallanes",2020-05-02,26,752,26,752,97
"546","Magallanes",2020-05-03,25,777,25,777,109
"547","Magallanes",2020-05-04,18,795,18,795,124
"548","Magallanes",2020-05-05,14,809,14,809,116
"549","Magallanes",2020-05-06,9,818,9,818,104
"550","Magallanes",2020-05-07,18,836,18,836,111
"551","Magallanes",2020-05-08,31,867,31,867,141
"552","Magallanes",2020-05-09,14,881,14,881,129
"553","Magallanes",2020-05-10,12,893,12,893,116
"554","Magallanes",2020-05-11,8,901,8,901,106
"555","Magallanes",2020-05-12,9,910,9,910,101
"556","Magallanes",2020-05-13,11,921,11,921,103
"557","Magallanes",2020-05-14,14,935,14,935,99
"558","Magallanes",2020-05-15,2,937,2,937,70
"559","Magallanes",2020-05-16,15,952,15,952,71
"560","Magallanes",2020-05-17,9,961,9,961,68
"561","Magallanes",2020-05-18,10,971,10,971,70
"562","Magallanes",2020-05-19,1,972,1,972,62
"563","Magallanes",2020-05-20,5,977,5,977,56
"564","Magallanes",2020-05-21,10,987,10,987,52
"565","Magallanes",2020-05-22,5,992,5,992,55
"566","Magallanes",2020-05-23,5,997,5,997,45
"567","Magallanes",2020-05-24,13,1010,13,1010,49
"568","Magallanes",2020-05-25,6,1016,6,1016,45
"569","Magallanes",2020-05-26,15,1031,15,1031,59
"570","Magallanes",2020-05-27,6,1037,6,1037,60
"571","Magallanes",2020-05-28,3,1040,3,1040,53
"572","Magallanes",2020-05-29,7,1047,7,1047,55
"573","Magallanes",2020-05-30,7,1054,7,1054,57
"574","Magallanes",2020-05-31,2,1056,2,1056,46
"575","Magallanes",2020-06-01,1,1056,1,1056,41
"576","Magallanes",2020-06-02,3,1060,3,1060,29
"577","Maule",2020-03-24,1,29,1,29,20
"578","Maule",2020-03-25,1,30,1,30,19
"579","Maule",2020-03-26,1,31,1,31,17
"580","Maule",2020-03-27,1,32,1,32,18
"581","Maule",2020-03-28,5,37,5,37,22
"582","Maule",2020-03-29,5,42,5,42,17
"583","Maule",2020-03-30,12,54,12,54,26
"584","Maule",2020-03-31,8,62,8,62,33
"585","Maule",2020-04-01,9,71,9,71,41
"586","Maule",2020-04-02,11,82,11,82,51
"587","Maule",2020-04-03,7,89,7,89,57
"588","Maule",2020-04-04,8,97,8,97,60
"589","Maule",2020-04-05,6,103,6,103,61
"590","Maule",2020-04-06,5,108,5,108,54
"591","Maule",2020-04-07,0,108,0,108,46
"592","Maule",2020-04-08,11,119,11,119,48
"593","Maule",2020-04-09,9,128,9,128,46
"594","Maule",2020-04-10,3,131,3,131,42
"595","Maule",2020-04-11,3,134,3,134,37
"596","Maule",2020-04-12,4,138,4,138,35
"597","Maule",2020-04-13,3,141,3,141,33
"598","Maule",2020-04-14,1,142,1,142,34
"599","Maule",2020-04-15,10,152,10,152,33
"600","Maule",2020-04-16,15,167,15,167,39
"601","Maule",2020-04-17,56,223,56,223,92
"602","Maule",2020-04-18,53,276,53,276,142
"603","Maule",2020-04-19,26,302,26,302,164
"604","Maule",2020-04-20,2,304,2,304,163
"605","Maule",2020-04-21,12,316,12,316,174
"606","Maule",2020-04-22,12,328,12,328,176
"607","Maule",2020-04-23,5,333,5,333,166
"608","Maule",2020-04-24,16,349,16,349,126
"609","Maule",2020-04-25,1,350,1,350,74
"610","Maule",2020-04-26,4,354,4,354,52
"611","Maule",2020-04-27,9,363,9,363,59
"612","Maule",2020-04-28,21,384,21,384,68
"613","Maule",2020-04-29,8,392,8,392,64
"614","Maule",2020-04-30,1,393,1,393,60
"615","Maule",2020-05-01,1,394,1,394,45
"616","Maule",2020-05-02,2,396,2,396,46
"617","Maule",2020-05-03,1,397,1,397,43
"618","Maule",2020-05-04,2,399,2,399,36
"619","Maule",2020-05-05,9,408,9,408,24
"620","Maule",2020-05-06,0,408,0,408,16
"621","Maule",2020-05-07,6,414,6,414,21
"622","Maule",2020-05-08,11,425,11,425,31
"623","Maule",2020-05-09,7,432,7,432,36
"624","Maule",2020-05-10,9,441,9,441,44
"625","Maule",2020-05-11,13,454,13,454,55
"626","Maule",2020-05-12,12,466,12,466,58
"627","Maule",2020-05-13,19,485,19,485,77
"628","Maule",2020-05-14,34,519,34,519,105
"629","Maule",2020-05-15,21,540,21,540,115
"630","Maule",2020-05-16,11,551,11,551,119
"631","Maule",2020-05-17,22,573,22,573,132
"632","Maule",2020-05-18,29,602,29,602,148
"633","Maule",2020-05-19,38,640,38,640,174
"634","Maule",2020-05-20,40,680,40,680,195
"635","Maule",2020-05-21,51,731,51,731,212
"636","Maule",2020-05-22,51,782,51,782,242
"637","Maule",2020-05-23,41,823,41,823,272
"638","Maule",2020-05-24,69,892,69,892,319
"639","Maule",2020-05-25,61,953,61,953,351
"640","Maule",2020-05-26,60,1013,60,1013,373
"641","Maule",2020-05-27,53,1066,53,1066,386
"642","Maule",2020-05-28,54,1120,54,1120,389
"643","Maule",2020-05-29,60,1180,60,1180,398
"644","Maule",2020-05-30,76,1256,76,1256,433
"645","Maule",2020-05-31,41,1297,41,1297,405
"646","Maule",2020-06-01,44,1341,44,1341,388
"647","Maule",2020-06-02,40,1381,40,1381,368
"648","Metropolitana",2020-03-16,69,123,69,123,114
"649","Metropolitana",2020-03-17,29,152,29,152,142
"650","Metropolitana",2020-03-18,22,174,22,174,160
"651","Metropolitana",2020-03-19,73,247,73,247,224
"652","Metropolitana",2020-03-20,57,304,57,304,275
"653","Metropolitana",2020-03-21,55,359,55,359,319
"654","Metropolitana",2020-03-22,50,409,50,409,355
"655","Metropolitana",2020-03-23,50,459,50,459,336
"656","Metropolitana",2020-03-24,81,540,81,540,388
"657","Metropolitana",2020-03-25,142,682,142,682,508
"658","Metropolitana",2020-03-26,64,746,64,746,499
"659","Metropolitana",2020-03-27,192,938,192,938,634
"660","Metropolitana",2020-03-28,146,1084,146,1084,725
"661","Metropolitana",2020-03-29,83,1167,83,1167,758
"662","Metropolitana",2020-03-30,128,1295,128,1295,836
"663","Metropolitana",2020-03-31,125,1420,125,1420,880
"664","Metropolitana",2020-04-01,101,1521,101,1521,839
"665","Metropolitana",2020-04-02,115,1636,115,1636,890
"666","Metropolitana",2020-04-03,106,1742,106,1742,804
"667","Metropolitana",2020-04-04,215,1957,215,1957,873
"668","Metropolitana",2020-04-05,145,2102,145,2102,935
"669","Metropolitana",2020-04-06,142,2244,142,2244,949
"670","Metropolitana",2020-04-07,106,2350,106,2350,930
"671","Metropolitana",2020-04-08,198,2548,198,2548,1027
"672","Metropolitana",2020-04-09,284,2832,284,2832,1196
"673","Metropolitana",2020-04-10,361,3193,361,3193,1451
"674","Metropolitana",2020-04-11,255,3448,255,3448,1491
"675","Metropolitana",2020-04-12,151,3599,151,3599,1497
"676","Metropolitana",2020-04-13,204,3803,204,3803,1559
"677","Metropolitana",2020-04-14,283,4086,283,4086,1736
"678","Metropolitana",2020-04-15,248,4334,248,4334,1786
"679","Metropolitana",2020-04-16,348,4682,348,4682,1850
"680","Metropolitana",2020-04-17,233,4915,233,4915,1722
"681","Metropolitana",2020-04-18,277,5192,277,5192,1744
"682","Metropolitana",2020-04-19,189,5381,189,5381,1782
"683","Metropolitana",2020-04-20,262,5643,262,5643,1840
"684","Metropolitana",2020-04-21,145,5788,145,5788,1702
"685","Metropolitana",2020-04-22,295,6083,295,6083,1749
"686","Metropolitana",2020-04-23,351,6434,351,6434,1752
"687","Metropolitana",2020-04-24,327,6761,327,6761,1846
"688","Metropolitana",2020-04-25,404,7165,404,7165,1973
"689","Metropolitana",2020-04-26,331,7496,331,7496,2115
"690","Metropolitana",2020-04-27,362,7858,362,7858,2215
"691","Metropolitana",2020-04-28,442,8300,442,8300,2512
"692","Metropolitana",2020-04-29,589,8889,589,8889,2806
"693","Metropolitana",2020-04-30,736,9625,736,9625,3191
"694","Metropolitana",2020-05-01,891,10516,891,10516,3755
"695","Metropolitana",2020-05-02,1145,11661,1145,11661,4496
"696","Metropolitana",2020-05-03,995,12656,995,12656,5160
"697","Metropolitana",2020-05-04,872,13528,872,13528,5670
"698","Metropolitana",2020-05-05,1179,14707,1179,14707,6407
"699","Metropolitana",2020-05-06,875,15582,875,15582,6693
"700","Metropolitana",2020-05-07,1246,16828,1246,16828,7203
"701","Metropolitana",2020-05-08,1151,17979,1151,17979,7463
"702","Metropolitana",2020-05-09,978,18957,978,18957,7296
"703","Metropolitana",2020-05-10,1396,20353,1396,20353,7697
"704","Metropolitana",2020-05-11,964,21317,964,21317,7789
"705","Metropolitana",2020-05-12,1392,22709,1392,22709,8002
"706","Metropolitana",2020-05-13,2256,24965,2256,24965,9383
"707","Metropolitana",2020-05-14,2251,27216,2251,27216,10388
"708","Metropolitana",2020-05-15,2060,29276,2060,29276,11297
"709","Metropolitana",2020-05-16,1518,30794,1518,30794,11837
"710","Metropolitana",2020-05-17,1890,32684,1890,32684,12331
"711","Metropolitana",2020-05-18,1767,34451,1767,34451,13134
"712","Metropolitana",2020-05-19,3140,37591,3140,37591,14882
"713","Metropolitana",2020-05-20,3588,41179,3588,41179,16214
"714","Metropolitana",2020-05-21,3462,44641,3462,44641,17425
"715","Metropolitana",2020-05-22,3709,48350,3709,48350,19074
"716","Metropolitana",2020-05-23,3049,51399,3049,51399,20605
"717","Metropolitana",2020-05-24,3145,54544,3145,54544,21860
"718","Metropolitana",2020-05-25,4386,58930,4386,58930,24479
"719","Metropolitana",2020-05-26,3355,62285,3355,62285,24694
"720","Metropolitana",2020-05-27,3726,66011,3726,66011,24832
"721","Metropolitana",2020-05-28,3904,69915,3904,69915,25274
"722","Metropolitana",2020-05-29,2995,72910,2995,72910,24560
"723","Metropolitana",2020-05-30,3341,76251,3341,76251,24852
"724","Metropolitana",2020-05-31,4253,80504,4253,80504,25960
"725","Metropolitana",2020-06-01,4735,85239,4735,85239,26309
"726","Metropolitana",2020-06-02,2955,88194,2955,88194,25909
"727","Ñuble",2020-03-22,6,64,6,64,60
"728","Ñuble",2020-03-23,17,81,17,81,69
"729","Ñuble",2020-03-24,24,105,24,105,79
"730","Ñuble",2020-03-25,6,111,6,111,85
"731","Ñuble",2020-03-26,3,114,3,114,86
"732","Ñuble",2020-03-27,30,144,30,144,100
"733","Ñuble",2020-03-28,28,172,28,172,114
"734","Ñuble",2020-03-29,25,197,25,197,133
"735","Ñuble",2020-03-30,32,229,32,229,148
"736","Ñuble",2020-03-31,16,245,16,245,140
"737","Ñuble",2020-04-01,14,259,14,259,148
"738","Ñuble",2020-04-02,82,341,82,341,227
"739","Ñuble",2020-04-03,29,370,29,370,226
"740","Ñuble",2020-04-04,31,401,31,401,229
"741","Ñuble",2020-04-05,24,425,24,425,228
"742","Ñuble",2020-04-06,49,474,49,474,245
"743","Ñuble",2020-04-07,48,522,48,522,277
"744","Ñuble",2020-04-08,39,561,39,561,302
"745","Ñuble",2020-04-09,10,571,10,571,230
"746","Ñuble",2020-04-10,18,589,18,589,219
"747","Ñuble",2020-04-11,17,606,17,606,205
"748","Ñuble",2020-04-12,7,613,7,613,188
"749","Ñuble",2020-04-13,5,618,5,618,144
"750","Ñuble",2020-04-14,4,622,4,622,100
"751","Ñuble",2020-04-15,12,634,12,634,73
"752","Ñuble",2020-04-16,5,639,5,639,68
"753","Ñuble",2020-04-17,17,656,17,656,67
"754","Ñuble",2020-04-18,11,667,11,667,61
"755","Ñuble",2020-04-19,11,678,11,678,65
"756","Ñuble",2020-04-20,9,687,9,687,69
"757","Ñuble",2020-04-21,7,694,7,694,72
"758","Ñuble",2020-04-22,9,703,9,703,69
"759","Ñuble",2020-04-23,5,708,5,708,69
"760","Ñuble",2020-04-24,7,715,7,715,59
"761","Ñuble",2020-04-25,10,725,10,725,58
"762","Ñuble",2020-04-26,6,731,6,731,53
"763","Ñuble",2020-04-27,10,741,10,741,54
"764","Ñuble",2020-04-28,6,747,6,747,53
"765","Ñuble",2020-04-29,14,761,14,761,58
"766","Ñuble",2020-04-30,7,768,7,768,60
"767","Ñuble",2020-05-01,0,768,0,768,53
"768","Ñuble",2020-05-02,8,776,8,776,51
"769","Ñuble",2020-05-03,10,786,10,786,55
"770","Ñuble",2020-05-04,1,787,1,787,46
"771","Ñuble",2020-05-05,2,789,2,789,42
"772","Ñuble",2020-05-06,2,791,2,791,30
"773","Ñuble",2020-05-07,2,793,2,793,25
"774","Ñuble",2020-05-08,1,794,1,794,26
"775","Ñuble",2020-05-09,7,801,7,801,25
"776","Ñuble",2020-05-10,11,812,11,812,26
"777","Ñuble",2020-05-11,2,814,2,814,27
"778","Ñuble",2020-05-12,12,826,12,826,37
"779","Ñuble",2020-05-13,13,839,13,839,48
"780","Ñuble",2020-05-14,10,849,10,849,56
"781","Ñuble",2020-05-15,36,885,36,885,91
"782","Ñuble",2020-05-16,36,921,36,921,120
"783","Ñuble",2020-05-17,21,942,21,942,130
"784","Ñuble",2020-05-18,43,985,43,985,171
"785","Ñuble",2020-05-19,3,988,3,988,162
"786","Ñuble",2020-05-20,23,1011,23,1011,172
"787","Ñuble",2020-05-21,9,1020,9,1020,171
"788","Ñuble",2020-05-22,5,1025,5,1025,140
"789","Ñuble",2020-05-23,52,1077,52,1077,156
"790","Ñuble",2020-05-24,25,1102,25,1102,160
"791","Ñuble",2020-05-25,37,1139,37,1139,154
"792","Ñuble",2020-05-26,8,1147,8,1147,159
"793","Ñuble",2020-05-27,27,1174,27,1174,163
"794","Ñuble",2020-05-28,31,1205,31,1205,185
"795","Ñuble",2020-05-29,37,1242,37,1242,217
"796","Ñuble",2020-05-30,14,1256,14,1256,179
"797","Ñuble",2020-05-31,1,1257,1,1257,155
"798","Ñuble",2020-06-01,33,1290,33,1290,151
"799","Ñuble",2020-06-02,0,1290,0,1290,143
"800","O’Higgins",2020-03-31,2,23,2,23,14
"801","O’Higgins",2020-04-01,3,26,3,26,15
"802","O’Higgins",2020-04-02,6,32,6,32,18
"803","O’Higgins",2020-04-03,1,33,1,33,17
"804","O’Higgins",2020-04-04,5,38,5,38,18
"805","O’Higgins",2020-04-05,3,41,3,41,20
"806","O’Higgins",2020-04-06,1,42,1,42,21
"807","O’Higgins",2020-04-07,0,42,0,42,19
"808","O’Higgins",2020-04-08,1,43,1,43,17
"809","O’Higgins",2020-04-09,1,44,1,44,12
"810","O’Higgins",2020-04-10,0,44,0,44,11
"811","O’Higgins",2020-04-11,1,45,1,45,7
"812","O’Higgins",2020-04-12,1,46,1,46,5
"813","O’Higgins",2020-04-13,2,48,2,48,6
"814","O’Higgins",2020-04-14,5,53,5,53,11
"815","O’Higgins",2020-04-15,1,54,1,54,11
"816","O’Higgins",2020-04-16,0,54,0,54,10
"817","O’Higgins",2020-04-17,1,55,1,55,11
"818","O’Higgins",2020-04-18,0,55,0,55,10
"819","O’Higgins",2020-04-19,0,55,0,55,9
"820","O’Higgins",2020-04-20,1,56,1,56,8
"821","O’Higgins",2020-04-21,1,57,1,57,4
"822","O’Higgins",2020-04-22,2,59,2,59,5
"823","O’Higgins",2020-04-23,17,76,17,76,22
"824","O’Higgins",2020-04-24,5,81,5,81,26
"825","O’Higgins",2020-04-25,4,85,4,85,30
"826","O’Higgins",2020-04-26,7,92,7,92,37
"827","O’Higgins",2020-04-27,2,94,2,94,38
"828","O’Higgins",2020-04-28,3,97,3,97,40
"829","O’Higgins",2020-04-29,7,104,7,104,45
"830","O’Higgins",2020-04-30,4,108,4,108,32
"831","O’Higgins",2020-05-01,1,109,1,109,28
"832","O’Higgins",2020-05-02,11,120,11,120,35
"833","O’Higgins",2020-05-03,5,125,5,125,33
"834","O’Higgins",2020-05-04,6,131,6,131,37
"835","O’Higgins",2020-05-05,5,136,5,136,39
"836","O’Higgins",2020-05-06,9,145,9,145,41
"837","O’Higgins",2020-05-07,6,151,6,151,43
"838","O’Higgins",2020-05-08,16,167,16,167,58
"839","O’Higgins",2020-05-09,15,182,15,182,62
"840","O’Higgins",2020-05-10,13,195,13,195,70
"841","O’Higgins",2020-05-11,21,216,21,216,85
"842","O’Higgins",2020-05-12,8,224,8,224,88
"843","O’Higgins",2020-05-13,24,248,24,248,103
"844","O’Higgins",2020-05-14,47,295,47,295,144
"845","O’Higgins",2020-05-15,28,323,28,323,156
"846","O’Higgins",2020-05-16,6,329,6,329,147
"847","O’Higgins",2020-05-17,37,366,37,366,171
"848","O’Higgins",2020-05-18,52,418,52,418,202
"849","O’Higgins",2020-05-19,24,442,24,442,218
"850","O’Higgins",2020-05-20,13,455,13,455,207
"851","O’Higgins",2020-05-21,10,465,10,465,170
"852","O’Higgins",2020-05-22,27,492,27,492,169
"853","O’Higgins",2020-05-23,26,518,26,518,189
"854","O’Higgins",2020-05-24,36,554,36,554,188
"855","O’Higgins",2020-05-25,34,588,34,588,170
"856","O’Higgins",2020-05-26,66,654,66,654,212
"857","O’Higgins",2020-05-27,37,691,37,691,236
"858","O’Higgins",2020-05-28,14,705,14,705,240
"859","O’Higgins",2020-05-29,40,745,40,745,253
"860","O’Higgins",2020-05-30,11,756,11,756,238
"861","O’Higgins",2020-05-31,29,785,29,785,231
"862","O’Higgins",2020-06-01,28,813,28,813,225
"863","O’Higgins",2020-06-02,30,843,30,843,189
"864","Tarapacá",2020-04-06,1,21,1,21,13
"865","Tarapacá",2020-04-07,2,23,2,23,13
"866","Tarapacá",2020-04-08,3,26,3,26,16
"867","Tarapacá",2020-04-09,3,29,3,29,17
"868","Tarapacá",2020-04-10,6,35,6,35,22
"869","Tarapacá",2020-04-11,3,38,3,38,21
"870","Tarapacá",2020-04-12,8,46,8,46,26
"871","Tarapacá",2020-04-13,6,52,6,52,31
"872","Tarapacá",2020-04-14,10,62,10,62,39
"873","Tarapacá",2020-04-15,0,62,0,62,36
"874","Tarapacá",2020-04-16,4,66,4,66,37
"875","Tarapacá",2020-04-17,7,73,7,73,38
"876","Tarapacá",2020-04-18,8,81,8,81,43
"877","Tarapacá",2020-04-19,9,90,9,90,44
"878","Tarapacá",2020-04-20,3,93,3,93,41
"879","Tarapacá",2020-04-21,11,104,11,104,42
"880","Tarapacá",2020-04-22,10,114,10,114,52
"881","Tarapacá",2020-04-23,14,128,14,128,62
"882","Tarapacá",2020-04-24,6,134,6,134,61
"883","Tarapacá",2020-04-25,9,143,9,143,62
"884","Tarapacá",2020-04-26,13,156,13,156,66
"885","Tarapacá",2020-04-27,8,164,8,164,71
"886","Tarapacá",2020-04-28,5,169,5,169,65
"887","Tarapacá",2020-04-29,14,183,14,183,69
"888","Tarapacá",2020-04-30,15,198,15,198,70
"889","Tarapacá",2020-05-01,2,200,2,200,66
"890","Tarapacá",2020-05-02,12,212,12,212,69
"891","Tarapacá",2020-05-03,60,272,60,272,116
"892","Tarapacá",2020-05-04,23,295,23,295,131
"893","Tarapacá",2020-05-05,27,322,27,322,153
"894","Tarapacá",2020-05-06,17,339,17,339,156
"895","Tarapacá",2020-05-07,78,417,78,417,219
"896","Tarapacá",2020-05-08,42,459,42,459,259
"897","Tarapacá",2020-05-09,26,485,26,485,273
"898","Tarapacá",2020-05-10,35,520,35,520,248
"899","Tarapacá",2020-05-11,27,547,27,547,252
"900","Tarapacá",2020-05-12,31,578,31,578,256
"901","Tarapacá",2020-05-13,37,615,37,615,276
"902","Tarapacá",2020-05-14,67,682,67,682,265
"903","Tarapacá",2020-05-15,97,779,97,779,320
"904","Tarapacá",2020-05-16,66,845,66,845,360
"905","Tarapacá",2020-05-17,130,975,130,975,455
"906","Tarapacá",2020-05-18,81,1056,81,1056,509
"907","Tarapacá",2020-05-19,53,1109,53,1109,531
"908","Tarapacá",2020-05-20,30,1139,30,1139,524
"909","Tarapacá",2020-05-21,107,1246,107,1246,564
"910","Tarapacá",2020-05-22,147,1393,147,1393,614
"911","Tarapacá",2020-05-23,78,1471,78,1471,626
"912","Tarapacá",2020-05-24,93,1564,93,1564,589
"913","Tarapacá",2020-05-25,66,1630,66,1630,574
"914","Tarapacá",2020-05-26,107,1737,107,1737,628
"915","Tarapacá",2020-05-27,74,1811,74,1811,672
"916","Tarapacá",2020-05-28,146,1957,146,1957,711
"917","Tarapacá",2020-05-29,136,2093,136,2093,700
"918","Tarapacá",2020-05-30,157,2250,157,2250,779
"919","Tarapacá",2020-05-31,111,2361,111,2361,797
"920","Tarapacá",2020-06-01,165,2526,165,2526,896
"921","Tarapacá",2020-06-02,68,2594,68,2594,857
"922","Valparaíso",2020-03-27,5,49,5,49,44
"923","Valparaíso",2020-03-28,22,71,22,71,58
"924","Valparaíso",2020-03-29,9,80,9,80,64
"925","Valparaíso",2020-03-30,28,108,28,108,89
"926","Valparaíso",2020-03-31,7,115,7,115,90
"927","Valparaíso",2020-04-01,21,136,21,136,104
"928","Valparaíso",2020-04-02,20,156,20,156,112
"929","Valparaíso",2020-04-03,20,176,20,176,127
"930","Valparaíso",2020-04-04,9,185,9,185,114
"931","Valparaíso",2020-04-05,6,191,6,191,111
"932","Valparaíso",2020-04-06,7,198,7,198,90
"933","Valparaíso",2020-04-07,16,214,16,214,99
"934","Valparaíso",2020-04-08,11,225,11,225,89
"935","Valparaíso",2020-04-09,5,230,5,230,74
"936","Valparaíso",2020-04-10,11,241,11,241,65
"937","Valparaíso",2020-04-11,7,248,7,248,63
"938","Valparaíso",2020-04-12,6,254,6,254,63
"939","Valparaíso",2020-04-13,19,273,19,273,75
"940","Valparaíso",2020-04-14,12,285,12,285,71
"941","Valparaíso",2020-04-15,14,299,14,299,74
"942","Valparaíso",2020-04-16,31,330,31,330,100
"943","Valparaíso",2020-04-17,15,345,15,345,104
"944","Valparaíso",2020-04-18,14,359,14,359,111
"945","Valparaíso",2020-04-19,22,381,22,381,127
"946","Valparaíso",2020-04-20,7,388,7,388,115
"947","Valparaíso",2020-04-21,15,403,15,403,118
"948","Valparaíso",2020-04-22,18,421,18,421,122
"949","Valparaíso",2020-04-23,8,429,8,429,99
"950","Valparaíso",2020-04-24,7,436,7,436,91
"951","Valparaíso",2020-04-25,18,454,18,454,95
"952","Valparaíso",2020-04-26,6,460,6,460,79
"953","Valparaíso",2020-04-27,25,485,25,485,97
"954","Valparaíso",2020-04-28,8,493,8,493,90
"955","Valparaíso",2020-04-29,33,526,33,526,105
"956","Valparaíso",2020-04-30,33,559,33,559,130
"957","Valparaíso",2020-05-01,9,568,9,568,132
"958","Valparaíso",2020-05-02,46,614,46,614,160
"959","Valparaíso",2020-05-03,24,638,24,638,178
"960","Valparaíso",2020-05-04,18,656,18,656,171
"961","Valparaíso",2020-05-05,31,687,31,687,194
"962","Valparaíso",2020-05-06,29,716,29,716,190
"963","Valparaíso",2020-05-07,65,781,65,781,222
"964","Valparaíso",2020-05-08,47,828,47,828,260
"965","Valparaíso",2020-05-09,50,878,50,878,264
"966","Valparaíso",2020-05-10,55,933,55,933,295
"967","Valparaíso",2020-05-11,37,970,37,970,314
"968","Valparaíso",2020-05-12,59,1029,59,1029,342
"969","Valparaíso",2020-05-13,94,1123,94,1123,407
"970","Valparaíso",2020-05-14,90,1213,90,1213,432
"971","Valparaíso",2020-05-15,99,1312,99,1312,484
"972","Valparaíso",2020-05-16,53,1365,53,1365,487
"973","Valparaíso",2020-05-17,109,1474,109,1474,541
"974","Valparaíso",2020-05-18,79,1553,79,1553,583
"975","Valparaíso",2020-05-19,86,1639,86,1639,610
"976","Valparaíso",2020-05-20,131,1770,131,1770,647
"977","Valparaíso",2020-05-21,117,1887,117,1887,674
"978","Valparaíso",2020-05-22,133,2020,133,2020,708
"979","Valparaíso",2020-05-23,96,2116,96,2116,751
"980","Valparaíso",2020-05-24,114,2230,114,2230,756
"981","Valparaíso",2020-05-25,75,2305,75,2305,752
"982","Valparaíso",2020-05-26,150,2455,150,2455,816
"983","Valparaíso",2020-05-27,121,2576,121,2576,806
"984","Valparaíso",2020-05-28,154,2730,154,2730,843
"985","Valparaíso",2020-05-29,112,2842,112,2842,822
"986","Valparaíso",2020-05-30,195,3037,195,3037,921
"987","Valparaíso",2020-05-31,130,3167,130,3167,937
"988","Valparaíso",2020-06-01,181,3348,181,3348,1043
"989","Valparaíso",2020-06-02,247,3595,247,3595,1140
